25
124
178
179
201
211
257
364
467
475
518
558
629
712
774
777
814
917
926
1080
1146
1246
1267
1286
1406
1412
1440
1473
1515
1541
1557
1627
1628
1810
1914
2077
2122
2292
2300
2341
2437
2441
2569
2728
2805
2842
2867
2930
2950
2987
3023
3029
3208
3326
3392
3424
3431
3446
3466
3562
3604
3780
3831
4014
4024
4044
4122
4173
4236
4256
4281
4291
4292
4303
4310
4325
4337
4367
4375
4464
4523
4589
4689
4792
4880
4932
4965
4995
5051
5074
5167
5209
5258
5276
5303
5336
5504
5664
5710
5742
5763
5834
5858
5920
5935
5966
6000
6061
6066
6148
6265
6296
6308
6338
6434
6477
6484
6487
6653
6664
6697
6725
6726
6806
6952
6983
7037
7135
7239
7312
7322
7341
7350
7516
7631
7633
7749
7900
7950
7951
8043
8069
8081
8094
8173
8225
8345
8365
8396
8397
8453
8564
8658
9028
9042
9179
9223
9238
9309
9404
9409
9638
9709
9791
9853
9866
9869
9922
9958
10077
10124
10162
10181
10300
10329
10388
10432
10523
10631
10750
10927
10935
10970
10978
11127
11141
11142
11180
11243
11275
11422
11503
11564
11592
11716
11800
11855
11876
12131
12347
12473
12476
12485
12519
12565
12580
12604
12619
12635
12694
12748
12764
12786
12826
12884
12936
12956
12997
13033
13059
13116
13397
13407
13419
13636
13741
13766
13971
14006
14129
14145
14220
14269
14294
14357
14462
14524
14608
14627
14673
14750
14805
14848
14958
15049
15128
15219
15226
15260
15272
15325
15429
15432
15503
15588
15618
15631
15761
15975
15981
16102
16123
16149
16171
16199
16258
16322
16439
16491
16550
16576
16621
16702
16722
16779
16835
16877
16958
17051
17189
17216
17388
17427
17474
17618
17636
17638
17659
17874
17897
17912
17934
17959
18084
18141
18156
18180
18385
18500
18640
18648
18686
18743
18770
18817
18836
18840
18902
18933
19007
19020
19163
19165
19183
19216
19254
19316
19332
19368
19464
19477
19482
19502
19532
19533
19596
19617
19626
19682
19684
19762
19781
19966
20127
20170
20185
20240
20284
20313
20342
20350
20362
20523
20546
20549
20572
20667
20716
20740
20750
20910
21001
21113
21179
21268
21342
21352
21430
21498
21521
21533
21535
21549
21564
21693
21723
21770
21783
21853
21856
21904
21912
21953
22005
22011
22030
22104
22162
22193
22253
22275
22363
22387
22406
22446
22505
22549
22671
22684
22687
22708
22805
22868
22873
22909
22926
22959
22988
23015
23058
23097
23126
23279
23287
23346
23347
23351
23359
23390
23443
23581
23604
23635
23725
23751
23808
23841
23848
23854
23919
23928
23972
24026
24187
24190
24197
24203
24206
24225
24330
24396
24419
24531
24577
24589
24623
24718
24773
24786
24808
24925
24926
24950
25001
25086
25129
25164
25237
25290
25294
25296
25470
25478
25543
25552
25598
25621
25667
25687
25732
25738
25778
25791
25828
26039
26043
26093
26206
26234
26284
26343
26350
26401
26427
26441
26456
26468
26573
26741
26885
27013
27056
27086
27118
27198
27318
27319
27369
27480
27659
27725
27743
27845
27895
27990
28049
28163
28166
28204
28239
28295
28398
28459
28522
28548
28568
28627
28674
28753
28819
28952
28970
28981
29015
29074
29113
29269
29307
29439
29495
29509
29636
29662
29677
29723
29732
29809
29953
30027
30032
30069
30078
30101
30174
30205
30259
30276
30346
30448
30470
30539
30551
30614
30742
30743
30757
30765
30767
30814
30918
30957
30991
31004
31049
31096
31304
31352
31567
31613
31615
31620
31682
31712
31892
32204
32223
32248
32252
32293
32298
32409
32489
32548
32551
32584
32638
32661
32697
32701
32720
32948
33056
33061
33115
33167
33420
33500
33504
33511
33555
33613
33712
33802
33805
33827
34002
34075
34118
34199
34225
34365
34406
34424
34437
34509
34648
34745
34773
34915
34936
34946
35009
35022
35034
35088
35110
35163
35173
35249
35364
35366
35370
35554
35575
35608
35753
35767
35794
35948
35959
36257
36260
36267
36269
36327
36483
36484
36579
36604
36655
36718
36825
36863
36952
36958
36981
37002
37021
37058
37116
37211
37333
37414
37425
37537
37550
37589
37707
37819
37837
38014
38043
38170
38175
38224
38231
38288
38339
38413
38492
38518
38555
38650
38725
38731
38787
38799
38826
38838
38854
38974
39033
39041
39050
39061
39072
39091
39183
39186
39358
39432
39452
39453
39586
39590
39609
39623
39645
39669
39676
39713
39715
39839
39896
39981
40056
40182
40335
40377
40394
40429
40517
40552
40589
40643
40682
40711
40753
40849
40913
40926
40964
41066
41091
41106
41123
41192
41201
41273
41289
41339
41359
41383
41390
41413
41422
41505
41512
41542
41555
41573
41655
41729
41784
41805
41845
41948
41998
42022
42071
42110
42170
42366
42435
42515
42599
42710
42766
42851
42933
43007
43101
43208
43225
43236
43240
43251
43294
43382
43390
43395
43477
43543
43547
43630
43644
43669
43698
43804
43817
43818
43823
43942
44070
44072
44078
44109
44153
44173
44219
44283
44394
44421
44509
44540
44571
44586
44615
44642
44831
44876
44877
44886
44911
44963
44984
45007
45134
45230
45288
45297
45430
45434
45500
45562
45646
45711
45733
45741
45755
45951
45972
45973
46017
46051
46083
46088
46101
46184
46197
46232
46329
46341
46396
46399
46411
46485
46537
46594
46630
46686
46711
46728
46760
46763
46828
46916
46946
46996
47027
47162
47167
47206
47221
47326
47387
47411
47427
47456
47530
47694
47699
47810
47827
47841
47851
47856
48023
48042
48053
48127
48205
48261
48304
48307
48343
48412
48448
48471
48540
48625
48647
48713
48728
48789
48829
48896
48925
49014
49111
49126
49171
49211
49283
49363
49372
49385
49393
49417
49447
49454
49522
49537
49546
49587
49682
49692
49695
49723
49771
49992
50031
50136
50141
50229
50269
50421
50430
50452
50504
50640
50649
50665
50732
50761
50796
50842
50890
51007
51149
51192
51203
51220
51294
51383
51384
51529
51589
51620
51672
51677
51705
51803
51806
51819
51832
51848
51894
51974
52046
52062
52064
52193
52279
52292
52295
52331
52390
52398
52488
52532
52610
52762
52827
52829
52915
52954
53006
53120
53125
53346
53386
53457
53510
53542
53605
53729
53794
53833
53939
53983
54097
54108
54262
54313
54314
54389
54392
54462
54529
54565
54572
54677
54711
54770
54818
54819
54867
54882
54931
54941
54947
55117
55153
55213
55229
55268
55311
55422
55491
55504
55550
55602
55633
55758
55825
55860
55966
56026
56041
56084
56101
56195
56273
56426
56588
56930
56947
56965
56975
57020
57059
57105
57113
57130
57208
57418
57421
57452
57459
57461
57496
57515
57518
57593
57624
57646
57813
57908
57983
58084
58097
58100
58326
58386
58395
58490
58513
58516
58539
58571
58679
58703
58731
59012
59085
59091
59342
59468
59514
59617
59693
59737
59767
59939
59955
59989
60044
60075
60156
60262
60304
60340
60346
60365
60381
60404
60415
60478
60502
60520
60737
60753
60970
61140
61350
61368
61417
61514
61577
61579
61601
61684
61691
61693
61706
61745
61788
61906
61956
61995
61999
62065
62105
62119
62123
62132
62234
62277
62420
62428
62446
62452
62496
62544
62549
62665
62713
62737
62739
62764
62869
63030
63212
63315
63332
63514
63532
63542
63568
63610
63629
63679
63818
63893
64030
64066
64100
64147
64177
64239
64284
64311
64336
64354
64385
64461
64493
64516
64594
64789
64859
64886
65020
65042
65107
65119
65208
65229
65332
65333
65386
65413
65424
65497
65498
65515
65568
65622
65634
65641
65779
65795
65842
65982
66022
66130
66145
66197
66230
66237
66302
66415
66421
66472
66544
66579
66628
66690
66731
66756
66772
66816
66888
66893
67021
67091
67107
67108
67110
67127
67139
67149
67156
67166
67216
67240
67330
67422
67426
67427
67438
67554
67588
67603
67725
67752
67789
67800
67814
67957
67959
67964
67982
68000
68083
68225
68248
68294
68304
68329
68349
68454
68500
68511
68547
68617
68702
68714
68828
68849
68863
68962
69002
69016
69022
69037
69058
69084
69092
69142
69150
69188
69240
69268
69478
69523
69539
69582
69650
69676
69722
69780
69824
69849
69866
69942
69974
70002
70008
70164
70201
70262
70360
70362
70396
70488
70636
70663
70677
70815
70899
70913
70925
70939
71008
71025
71075
71091
71122
71126
71134
71142
71165
71176
71199
71203
71206
71248
71269
71355
71389
71423
71599
71650
71669
71677
71711
71753
71764
71768
71776
71825
71861
71862
71912
72027
72031
72137
72189
72203
72219
72222
72327
72345
72357
72461
72478
72492
72521
72528
72611
72637
72650
72680
72691
72700
72856
72903
72919
73001
73209
73232
73252
73290
73309
73331
73355
73396
73423
73644
73697
73731
73818
73831
73880
73924
73927
73979
74005
74042
74198
74245
74263
74293
74339
74422
74500
74671
74719
74790
74879
74894
75034
75148
75295
75346
75493
75525
75669
75689
75733
75774
75792
75818
75820
75836
75878
75936
75937
75997
76013
76021
76062
76068
76114
76162
76282
76381
76411
76439
76453
76535
76605
76730
76738
76767
76869
76877
76905
76989
77003
77030
77117
77170
77222
77353
77362
77413
77480
77501
77511
77770
77815
77901
78018
78060
78065
78138
78155
78180
78189
78272
78307
78366
78457
78513
78551
78748
78862
78909
78952
78968
78982
79013
79014
79168
79170
79182
79287
79314
79320
79358
79392
79447
79556
79568
79770
79797
79842
79851
79852
79865
79952
79981
79991
80044
80082
80141
80177
80183
80251
80331
80346
80357
80371
80373
80376
80482
80565
80600
80688
80726
80731
80772
80774
80842
80869
80901
81000
81030
81060
81109
81123
81145
81216
81278
81327
81334
81354
81357
81401
81426
81431
81481
81483
81494
81495
81607
81615
81703
81732
81777
81852
81873
81895
81914
81915
81964
82040
82353
82369
82398
82450
82609
82783
82789
82836
82876
82936
83015
83114
83167
83337
83355
83367
83370
83481
83485
83616
83654
83898
83967
84009
84028
84117
84171
84236
84239
84309
84371
84381
84396
84437
84487
84491
84493
84520
84534
84566
84603
84606
84676
84690
84727
84755
84759
84796
84849
84924
84925
84961
84962
85070
85075
85139
85174
85204
85277
85292
85376
85414
85505
85536
85639
85652
85696
85724
85740
85745
85793
85937
86046
86068
86143
86215
86233
86288
86306
86314
86333
86368
86406
86445
86479
86692
86711
86723
86812
86830
86841
86876
86884
86944
87033
87040
87091
87147
87195
87207
87354
87397
87429
87445
87506
87513
87535
87605
87609
87647
87648
87807
87819
87931
87956
88056
88078
88088
88099
88119
88170
88319
88427
88547
88592
88647
88731
88795
88909
88910
88968
89008
89175
89237
89248
89275
89284
89302
89414
89435
89473
89486
89551
89681
89714
89737
89958
89972
89988
90288
90402
90453
90455
90496
90520
90529
90558
90567
90572
90594
90602
90704
90774
90827
90880
90940
90952
91028
91115
91129
91149
91151
91204
91294
91299
91319
91548
91564
91572
91584
91595
91727
91810
91875
91944
92006
92019
92138
92155
92170
92174
92190
92216
92251
92276
92305
92393
92471
92499
92594
92595
92612
92759
92795
92914
92928
92947
92950
92992
93039
93084
93106
93159
93170
93260
93398
93420
93424
93503
93510
93513
93631
93677
93699
93854
93905
93981
93984
94034
94045
94115
94135
94149
94176
94269
94281
94437
94476
94545
94599
94636
94694
94731
94754
94837
94869
94871
94873
94899
94939
94968
94999
95011
95086
95139
95170
95171
95327
95353
95370
95384
95392
95402
95429
95464
95507
95568
95599
95664
95667
95699
95764
95775
95855
95872
95946
95959
95995
96060
96080
96092
96222
96246
96350
96377
96403
96455
96621
96772
96799
96865
96925
96958
96962
96990
97036
97096
97171
97219
97227
97274
97382
97387
97420
97484
97561
97626
97665
97725
97767
97837
97858
97890
97918
97921
97937
97952
97995
98071
98079
98155
98241
98330
98391
98432
98539
98594
98689
98734
98736
98887
98920
98941
98946
99004
99007
99058
99100
99132
99135
99150
99186
99242
99334
99341
99359
99471
99611
99627
99769
99803
99818
99840
99918
99919
99920
100115
100219
100252
100267
100293
100302
100383
100385
100410
100438
100512
100536
100628
100637
100659
100692
100886
100950
101053
101101
101121
101185
101315
101353
101461
101462
101509
101581
101582
101631
101669
101737
101770
101832
101840
101954
101959
101990
101992
102111
102157
102168
102182
102187
102225
102238
102312
102346
102358
102428
102532
102549
102565
102664
102697
102715
102719
102740
102756
102791
102800
102976
103029
103062
103166
103219
103229
103263
103401
103408
103459
103492
103542
103554
103556
103835
103897
104040
104137
104184
104190
104211
104256
104284
104288
104291
104317
104326
104339
104375
104393
104459
104488
104499
104549
104618
104682
104716
104830
105089
105104
105155
105203
105214
105306
105313
105327
105349
105361
105379
105391
105551
105626
105630
105631
105723
105733
105858
105874
105877
105918
105975
105998
106044
106082
106227
106262
106278
106363
106430
106440
106441
106475
106521
106611
106627
106649
106679
106719
106796
106850
106859
106877
106910
106912
107015
107142
107170
107203
107246
107247
107262
107263
107267
107280
107361
107415
107425
107461
107486
107525
107537
107560
107632
107684
107703
107724
107739
107763
107804
107856
108027
108046
108073
108173
108182
108188
108219
108333
108341
108376
108400
108408
108414
108431
108438
108440
108443
108454
108483
108531
108538
108582
108617
108660
108673
108693
108754
108886
108892
108917
108922
108968
109002
109033
109096
109155
109275
109278
109296
109309
109427
109599
109637
109650
109798
109867
109879
109897
109957
109960
110003
110083
110096
110132
110203
110262
110377
110446
110556
110564
110600
110742
110753
110756
110864
110936
