50
55
61
67
68
71
77
94
97
102
115
131
137
140
152
167
175
177
182
189
192
194
196
212
235
246
252
262
265
314
323
330
339
343
346
393
431
434
449
495
496
504
529
530
532
538
547
556
559
608
612
637
693
696
719
728
739
746
768
782
803
807
847
875
881
955
965
970
984
1013
1014
1021
1022
1029
1041
1069
1095
1128
1144
1157
1169
1178
1216
1234
1236
1263
1288
1318
1331
1338
1339
1372
1387
1430
1444
1478
1485
1555
1596
1600
1603
1640
1642
1644
1656
1665
1680
1725
1734
1749
1766
1774
1793
1839
1845
1850
1851
1882
1888
1932
2011
2047
2056
2064
2110
2136
2196
2200
2219
2285
2287
2310
2314
2333
2349
2370
2379
2392
2410
2414
2454
2460
2491
2501
2512
2517
2519
2547
2548
2557
2572
2611
2636
2664
2670
2693
2694
2702
2713
2722
2745
2763
2837
2840
2846
2857
2865
2887
2948
2980
2993
2999
3003
3016
3034
3037
3048
3050
3075
3083
3088
3144
3172
3175
3206
3276
3297
3311
3312
3328
3358
3377
3395
3411
3447
3476
3510
3525
3528
3532
3534
3570
3587
3620
3628
3665
3672
3676
3679
3686
3699
3702
3718
3730
3743
3762
3770
3781
3783
3804
3816
3826
3847
3854
3863
3879
3880
3904
3913
3925
3938
3943
3950
3967
3968
3992
4000
4008
4049
4065
4067
4077
4088
4100
4120
4138
4163
4223
4237
4244
4247
4296
4308
4382
4384
4387
4402
4404
4405
4416
4477
4483
4484
4491
4502
4549
4572
4576
4580
4585
4598
4599
4600
4608
4626
4627
4682
4685
4693
4707
4724
4838
4857
4886
4889
4901
4912
4923
4949
4958
4976
4989
4990
5004
5053
5071
5084
5131
5137
5174
5178
5195
5204
5210
5222
5244
5247
5249
5322
5333
5346
5368
5389
5401
5402
5428
5430
5434
5494
5529
5551
5569
5580
5598
5612
5637
5653
5662
5682
5683
5695
5699
5717
5722
5725
5733
5748
5780
5808
5818
5896
5905
5924
5931
5937
5954
5957
5963
5975
5995
5997
5998
6003
6019
6031
6038
6040
6059
6067
6082
6105
6113
6120
6134
6143
6152
6160
6163
6198
6214
6220
6221
6237
6256
6294
6306
6317
6330
6380
6394
6444
6482
6490
6519
6536
6543
6547
6588
6612
6615
6616
6630
6633
6660
6671
6679
6694
6698
6718
6719
6720
6722
6738
6775
6787
6792
6794
6810
6829
6835
6840
6851
6856
6865
6871
6930
6959
6967
6969
6971
6978
6986
7012
7013
7022
7064
7067
7073
7095
7097
7113
7140
7144
7186
7213
7222
7228
7234
7247
7290
7313
7334
7354
7360
7363
7381
7427
7429
7430
7437
7441
7446
7458
7471
7511
7527
7551
7565
7624
7653
7688
7701
7716
7723
7741
7768
7802
7805
7837
7838
7839
7854
7857
7859
7934
7980
7981
7983
7987
7992
8039
8045
8049
8078
8090
8104
8106
8121
8139
8169
8171
8172
8178
8198
8221
8251
8261
8272
8276
8281
8291
8341
8343
8368
8372
8377
8427
8430
8438
8470
8484
8520
8521
8534
8575
8629
8640
8651
8687
8699
8701
8705
8713
8732
8736
8761
8770
8787
8804
8818
8820
8852
8860
8868
8884
8894
8911
8912
8914
8915
8917
8925
8926
8965
8979
9065
9097
9102
9106
9109
9112
9118
9130
9136
9140
9148
9153
9174
9176
9177
9188
9222
9267
9314
9332
9349
9363
9365
9369
9378
9387
9390
9407
9415
9451
9462
9474
9478
9490
9497
9503
9511
9561
9565
9615
9618
9655
9700
9742
9761
9762
9776
9778
9784
9787
9788
9792
9798
9806
9812
9820
9826
9858
9899
9901
9928
9938
9952
9968
10002
10028
10034
10043
10052
10058
10110
10112
10132
10142
10148
10157
10187
10189
10197
10236
10254
10263
10274
10281
10294
10310
10349
10356
10378
10386
10403
10413
10435
10455
10466
10478
10485
10492
10501
10503
10504
10541
10560
10571
10590
10610
10620
10621
10623
10689
10704
10717
10725
10731
10768
10777
10796
10797
10807
10822
10830
10849
10865
10872
10887
10901
10902
10913
10916
10930
10957
10958
10977
10985
11000
11002
11016
11033
11071
11073
11075
11081
11083
11091
11100
11105
11126
11129
11147
11219
11227
11261
11266
11320
11337
11355
11367
11372
11388
11395
11408
11409
11425
11442
11449
11450
11463
11477
11484
11496
11499
11509
11557
11562
11582
11593
11605
11606
11607
11611
11628
11639
11649
11650
11688
11700
11703
11757
11761
11763
11784
11785
11806
11817
11843
11869
11877
11906
11915
11946
11965
11972
11985
11988
12024
12026
12039
12045
12055
12059
12069
12072
12083
12099
12101
12108
12115
12127
12133
12141
12185
12187
12194
12195
12202
12267
12294
12300
12305
12310
12326
12341
12343
12355
12377
12397
12398
12401
12419
12420
12453
12454
12455
12489
12493
12505
12536
12552
12553
12575
12597
12599
12612
12613
12616
12665
12690
12696
12708
12723
12755
12766
12778
12812
12844
12851
12872
12913
12924
12966
12972
12976
12989
13007
13018
13025
13041
13053
13081
13082
13107
13113
13159
13212
13219
13220
13233
13236
13242
13251
13270
13275
13290
13313
13314
13337
13346
13362
13366
13370
13414
13437
13443
13445
13465
13467
13480
13484
13495
13511
13513
13517
13528
13545
13557
13561
13581
13588
13604
13622
13674
13685
13728
13731
13737
13750
13771
13810
13821
13824
13842
13843
13865
13886
13887
13907
13919
13955
13961
13964
13969
13988
14048
14056
14069
14070
14101
14106
14115
14127
14134
14146
14176
14189
14205
14254
14272
14282
14304
14311
14313
14331
14345
14371
14376
14377
14382
14402
14414
14423
14432
14442
14446
14486
14501
14507
14509
14559
14579
14599
14606
14657
14661
14667
14671
14681
14731
14740
14743
14755
14782
14790
14791
14795
14801
14825
14826
14838
14850
14855
14867
14874
14877
14886
14915
15039
15052
15065
15072
15084
15093
15109
15111
15112
15120
15136
15146
15152
15166
15176
15180
15188
15194
15231
15252
15275
15276
15294
15319
15321
15334
15339
15359
15369
15380
15383
15398
15400
15419
15455
15469
15486
15500
15512
15518
15526
15529
15547
15556
15614
15621
15623
15646
15658
15682
15690
15721
15733
15739
15752
15753
15757
15767
15828
15858
15867
15878
15895
15927
15928
15932
15957
16017
16022
16034
16041
16061
16062
16078
16139
16152
16154
16192
16194
16248
16259
16262
16286
16327
16362
16375
16391
16407
16411
16524
16525
16526
16529
16575
16596
16644
16657
16677
16698
16725
16744
16752
16754
16757
16781
16809
16839
16840
16880
16884
16904
16937
16949
16954
16992
16997
17030
17033
17036
17046
17054
17080
17084
17089
17095
17109
17121
17153
17160
17165
17171
17191
17207
17210
17211
17221
17222
17229
17235
17257
17264
17270
17272
17279
17283
17290
17325
17330
17336
17351
17352
17357
17366
17372
17377
17382
17437
17473
17491
17532
17541
17556
17563
17566
17605
17640
17644
17645
17668
17699
17712
17718
17721
17726
17738
17739
17749
17759
17760
17779
17791
17800
17805
17880
17884
17898
17998
18016
18023
18053
18092
18103
18119
18120
18131
18136
18150
18152
18181
18193
18198
18202
18221
18272
18343
18353
18405
18428
18436
18442
18447
18490
18499
18510
18548
18562
18563
18570
18592
18602
18617
18623
18725
18732
18738
18764
18787
18789
18795
18807
18819
18822
18848
18860
18898
18918
18923
18929
18950
18980
18995
19019
19024
19025
19044
19057
19074
19105
19110
19112
19133
19164
19199
19205
19210
19231
19234
19236
19259
19278
19288
19299
19320
19399
19417
19420
19427
19453
19459
19483
19488
19513
19552
19557
19576
19627
19663
19674
19689
19710
19719
19726
19743
19750
19767
19768
19787
19824
19833
19858
19860
19861
19873
19874
19877
19890
19909
19912
19918
19953
19958
20023
20026
20051
20088
20149
20166
20212
20223
20229
20234
20246
20250
20255
20256
20259
20275
20304
20324
20345
20348
20370
20375
20402
20416
20435
20443
20445
20449
20459
20463
20478
20480
20491
20497
20502
20525
20550
20563
20647
20652
20666
20702
20708
20719
20734
20736
20746
20783
20790
20793
20831
20857
20859
20868
20901
20906
20912
20927
20937
20951
20981
21006
21013
21059
21062
21076
21099
21109
21124
21125
21131
21140
21142
21152
21173
21174
21182
21192
21211
21242
21245
21253
21267
21271
21283
21347
21364
21387
21438
21442
21456
21482
21506
21511
21520
21557
21572
21605
21660
21665
21777
21778
21785
21787
21838
21842
21865
21882
21922
21972
21978
21984
22026
22028
22036
22045
22048
22057
22060
22064
22093
22122
22156
22216
22238
22250
22261
22281
22286
22287
22291
22330
22332
22349
22361
22425
22451
22464
22469
22517
22547
22550
22565
22568
22596
22614
22624
22625
22638
22652
22663
22670
22702
22752
22766
22770
22796
22820
22861
22874
22877
22885
22888
22923
22935
22964
22973
22983
22986
22987
22998
23019
23039
23052
23053
23064
23081
23106
23121
23132
23137
23141
23159
23209
23264
23268
23280
23309
23318
23335
23384
23417
23432
23433
23439
23503
23513
23523
23556
23584
23593
23596
23606
23608
23628
23642
23658
23701
23714
23791
23828
23844
23845
23900
23906
23918
23937
23951
23980
23987
24028
24080
24099
24125
24143
24160
24162
24211
24229
24265
24281
24289
24312
24326
24332
24336
24342
24350
24403
24424
24428
24520
24521
24572
24595
24602
24605
24614
24619
24656
24662
24671
24682
24689
24724
24772
24809
24842
24845
24850
24882
24909
24923
24936
24948
24976
25003
25013
25040
25117
25124
25138
25143
25196
25200
25204
25212
25215
25250
25265
25267
25272
25355
25360
25369
25378
25381
25382
25390
25391
25438
25444
25457
25524
25564
25600
25608
25620
25677
25688
25689
25711
25714
25715
25717
25718
25723
25731
25779
25804
25806
25807
25827
25832
25842
25844
25865
25897
25900
25909
25952
25983
25988
25990
26010
26025
26048
26073
26088
26095
26121
26151
26158
26169
26190
26196
26197
26225
26251
26263
26308
26314
26320
26347
26348
26394
26415
26426
26482
26515
26516
26517
26523
26537
26544
26563
26595
26603
26621
26653
26672
26714
26719
26728
26767
26769
26774
26792
26797
26802
26819
26830
26837
26905
26923
26924
26944
27109
27137
27139
27146
27175
27182
27210
27219
27235
27295
27301
27392
27418
27423
27454
27457
27463
27482
27489
27490
27531
27557
27564
27616
27625
27641
27646
27650
27653
27704
27709
27747
27750
27757
27760
27789
27801
27803
27815
27871
27886
27924
27930
27935
27949
27965
27969
27995
28020
28042
28053
28063
28082
28083
28104
28167
28171
28211
28212
28235
28241
28260
28308
28312
28314
28349
28363
28367
28376
28407
28420
28423
28426
28427
28441
28456
28508
28521
28529
28535
28560
28586
28610
28626
28664
28672
28682
28714
28804
28816
28837
28838
28840
28846
28870
28887
28926
28945
28953
28990
28991
28997
29003
29005
29039
29069
29071
29094
29099
29131
29157
29209
29212
29244
29254
29302
29343
29350
29360
29422
29494
29515
29522
29526
29553
29561
29564
29574
29598
29663
29668
29698
29702
29703
29724
29738
29741
29796
29798
29808
29815
29837
29845
29847
29859
29871
29916
29917
29932
29959
29983
30007
30057
30085
30137
30149
30194
30209
30222
30241
30278
30332
30339
30341
30368
30381
30383
30397
30399
30430
30443
30451
30456
30490
30491
30518
30571
30579
30600
30631
30632
30639
30643
30651
30668
30669
30680
30681
30703
30770
30780
30782
30796
30802
30827
30835
30855
30870
30898
30921
30933
30939
30953
30990
30998
31000
31012
31032
31038
31043
31045
31073
31085
31094
31117
31143
31149
31155
31167
31174
31188
31245
31291
31293
31321
31335
31340
31341
31372
31387
31419
31423
31460
31483
31504
31545
31547
31587
31688
31701
31721
31736
31773
31777
31785
31796
31810
31839
31841
31875
31877
31915
31952
31960
31962
31965
31977
31979
32052
32078
32089
32095
32111
32118
32138
32151
32152
32157
32165
32183
32189
32231
32241
32266
32279
32296
32366
32390
32421
32454
32481
32519
32559
32572
32614
32646
32650
32653
32658
32673
32707
32712
32749
32774
32781
32801
32814
32844
32845
32865
32894
32929
32963
32973
33028
33076
33078
33080
33098
33106
33108
33143
33159
33169
33180
33204
33205
33217
33233
33239
33243
33287
33296
33298
33349
33357
33398
33416
33418
33432
33490
33495
33534
33545
33547
33576
33604
33626
33632
33638
33689
33692
33728
33764
33791
33797
33801
33813
33846
33884
33897
33938
33939
33943
33952
33964
33968
33969
33988
34004
34013
34017
34020
34038
34043
34068
34072
34076
34092
34129
34134
34138
34141
34156
34172
34178
34197
34208
34230
34251
34261
34272
34279
34312
34350
34377
34404
34430
34498
34507
34527
34544
34575
34581
34582
34584
34658
34664
34685
34694
34718
34755
34762
34778
34783
34800
34812
34816
34878
34889
34909
34931
34939
34953
34992
35031
35053
35087
35101
35123
35190
35201
35212
35218
35235
35238
35248
35264
35271
35276
35299
35316
35368
35377
35393
35426
35440
35441
35442
35498
35517
35518
35536
35544
35560
35571
35630
35633
35676
35682
35683
35684
35698
35846
35850
35893
35907
35928
35969
35972
35980
36005
36009
36023
36031
36033
36034
36040
36055
36060
36074
36083
36096
36121
36163
36173
36206
36216
36258
36266
36268
36281
36360
36366
36380
36414
36436
36462
36468
36478
36485
36550
36575
36586
36587
36607
36645
36662
36671
36691
36719
36728
36746
36758
36767
36807
36832
36852
36860
36868
36928
36956
36967
36982
36987
36990
36994
36999
37010
37012
37016
37045
37064
37068
37069
37094
37098
37151
37182
37201
37203
37206
37226
37251
37287
37295
37299
37300
37313
37378
37392
37416
37440
37466
37496
37611
37620
37633
37645
37665
37677
37685
37686
37706
37710
37720
37751
37770
37775
37794
37802
37815
37817
37859
37866
37884
37885
37920
37945
37963
37986
38016
38022
38037
38052
38056
38071
38090
38098
38123
38127
38134
38153
38163
38166
38198
38216
38228
38244
38249
38266
38290
38295
38302
38303
38309
38359
38372
38380
38385
38401
38426
38429
38442
38454
38525
38550
38595
38601
38635
38648
38699
38723
38743
38759
38764
38769
38777
38827
38828
38853
38863
38879
38914
38918
38986
38995
38999
39001
39031
39037
39057
39060
39068
39090
39095
39133
39187
39191
39195
39202
39207
39208
39219
39224
39257
39264
39279
39308
39314
39324
39353
39354
39363
39372
39383
39395
39404
39407
39420
39424
39443
39451
39474
39482
39502
39536
39538
39542
39566
39571
39585
39605
39612
39616
39619
39639
39706
39711
39729
39736
39748
39761
39766
39815
39818
39865
39887
39889
39930
39949
39950
39951
39960
39967
39987
40002
40013
40035
40045
40082
40094
40100
40148
40154
40166
40172
40184
40212
40240
40264
40278
40304
40311
40323
40331
40336
40342
40348
40361
40373
40409
40421
40444
40469
40483
40490
40515
40533
40550
40627
40635
40644
40646
40661
40667
40669
40675
40685
40694
40699
40706
40709
40719
40737
40740
40834
40835
40853
40857
40883
40899
40991
41007
41019
41028
41030
41039
41052
41082
41133
41155
41221
41222
41259
41263
41271
41291
41310
41321
41342
41350
41351
41360
41378
41399
41401
41451
41495
41496
41502
41517
41518
41550
41578
41582
41677
41688
41693
41722
41726
41733
41757
41761
41795
41817
41842
41863
41896
41907
41913
41930
41933
42011
42030
42036
42092
42107
42147
42193
42200
42222
42226
42240
42274
42288
42290
42314
42317
42327
42342
42347
42370
42402
42407
42422
42476
42525
42535
42569
42580
42617
42625
42626
42639
42668
42698
42705
42716
42751
42772
42788
42789
42801
42804
42808
42837
42861
42877
42880
42887
42944
42964
42967
43041
43046
43049
43066
43071
43080
43088
43122
43137
43177
43184
43187
43199
43213
43243
43249
43270
43273
43275
43277
43335
43412
43422
43443
43452
43465
43500
43502
43516
43532
43554
43612
43697
43734
43740
43795
43806
43814
43833
43834
43854
43861
43868
43913
43914
43918
43919
43950
43951
43962
43971
43992
43993
43997
44013
44020
44030
44062
44066
44076
44084
44107
44236
44274
44299
44317
44331
44345
44346
44386
44402
44424
44441
44524
44556
44625
44656
44669
44697
44779
44781
44800
44801
44802
44803
44823
44904
44920
44930
44942
44972
44980
45004
45040
45046
45103
45111
45146
45154
45160
45167
45180
45209
45217
45324
45353
45358
45368
45395
45404
45425
45446
45487
45521
45529
45539
45550
45589
45606
45630
45652
45665
45672
45694
45704
45719
45722
45730
45807
45847
45850
45885
45897
45941
45988
46007
46031
46037
46084
46094
46100
46148
46177
46231
46265
46267
46300
46317
46389
46393
46405
46462
46464
46486
46496
46512
46531
46550
46629
46655
46660
46661
46698
46721
46732
46741
46752
46821
46875
46907
46940
46959
46995
47007
47030
47033
47035
47063
47065
47189
47226
47237
47264
47309
47348
47392
47407
47448
47457
47477
47514
47519
47570
47583
47588
47610
47666
47687
47707
47710
47732
47741
47789
47794
47801
47816
47819
47822
47825
47845
47878
47946
47987
48004
48041
48047
48051
48067
48086
48094
48126
48128
48131
48187
48207
48216
48227
48229
48255
48309
48311
48337
48357
48386
48393
48395
48405
48407
48421
48443
48447
48450
48468
48473
48480
48551
48564
48583
48597
48622
48653
48662
48680
48700
48718
48724
48731
48738
48747
48757
48778
48796
48852
48870
48902
48911
48920
48941
48953
48995
49016
49066
49092
49094
49102
49107
49156
49168
49203
49214
49238
49282
49293
49302
49341
49374
49401
49481
49483
49497
49524
49544
49609
49619
49627
49657
49719
49745
49750
49794
49808
49817
49835
49837
49850
49893
49916
49938
49979
50010
50055
50072
50073
50082
50110
50122
50152
50176
50186
50274
50281
50284
50297
50384
50457
50461
50502
50551
50558
50590
50593
50618
50705
50717
50731
50747
50780
50787
50846
50864
50874
50877
50884
50891
50910
50914
50928
50930
50952
50957
50963
50967
51038
51045
51098
51126
51138
51140
51176
51242
51292
51303
51341
51374
51398
51403
51416
51435
51445
51455
51482
51499
51530
51539
51612
51616
51661
51676
51683
51689
51701
51718
51725
51732
51753
51762
51792
51798
51813
51822
51834
51840
51847
51865
51881
51913
51923
51942
51966
51976
52027
52063
52106
52115
52121
52138
52155
52162
52190
52198
52232
52250
52281
52321
52322
52345
52379
52430
52454
52474
52547
52558
52576
52599
52600
52612
52650
52679
52680
52713
52781
52798
52826
52898
52905
52972
53002
53008
53010
53024
53063
53072
53077
53147
53175
53199
53219
53260
53263
53271
53290
53310
53317
53318
53327
53336
53350
53354
53355
53367
53390
53435
53445
53448
53451
53455
53491
53512
53554
53565
53576
53586
53637
53666
53676
53678
53684
53789
53814
53856
53865
53900
53901
53909
53950
53964
53985
53997
54006
54012
54014
54035
54040
54075
54181
54188
54194
54203
54214
54224
54238
54242
54249
54275
54327
54390
54396
54435
54491
54561
54568
54575
54592
54604
54659
54682
54718
54727
54730
54737
54761
54778
54839
54853
54881
54903
54937
54953
54954
54992
55007
55013
55092
55112
55143
55174
55192
55193
55194
55204
55206
55212
55240
55266
55345
55369
55549
55614
55651
55681
55703
55727
55739
55777
55792
55826
55852
55895
55903
55922
55946
55965
55970
55972
55985
56002
56040
56066
56076
56086
56088
56103
56108
56129
56150
56160
56188
56190
56229
56268
56301
56331
56435
56447
56451
56467
56485
56486
56515
56520
56522
56549
56554
56572
56604
56667
56679
56691
56701
56741
56756
56843
56850
56876
56934
56997
57036
57109
57127
57133
57164
57192
57197
57207
57277
57297
57317
57489
57492
57508
57510
57548
57567
57575
57636
57649
57651
57674
57685
57693
57710
57739
57748
57755
57783
57807
57814
57815
57838
57849
57860
57883
57887
57974
57984
57993
58055
58151
58157
58162
58182
58202
58280
58291
58370
58381
58415
58456
58537
58540
58553
58572
58597
58623
58630
58634
58649
58663
58675
58677
58690
58700
58713
58773
58795
58805
58813
58815
58828
58862
58883
58892
58904
58987
59001
59074
59104
59129
59141
59152
59168
59177
59203
59232
59261
59301
59338
59351
59360
59369
59393
59418
59439
59474
59520
59541
59543
59547
59550
59551
59584
59604
59645
59689
59716
59770
59776
59778
59780
59860
59862
59922
59984
59991
59995
60024
60066
60088
60096
60143
60172
60181
60190
60209
60215
60270
60292
60303
60311
60316
60431
60438
60453
60471
60477
60480
60492
60532
60547
60550
60556
60578
60585
60592
60599
60600
60606
60644
60649
60678
60699
60700
60712
60800
60829
60835
60850
60877
60940
60951
60977
60983
60985
60999
61032
61039
61104
61124
61131
61164
61294
61310
61316
61332
61341
61344
61347
61348
61356
61360
61380
61389
61428
61442
61446
61451
61463
61475
61493
61506
61520
61525
61540
61560
61566
61591
61635
61646
61647
61651
61653
61670
61695
61715
61747
61768
61836
61841
61855
61858
61943
61975
61992
61993
62001
62009
62024
62029
62045
62049
62107
62186
62215
62259
62274
62281
62310
62341
62343
62345
62347
62359
62380
62418
62462
62484
62520
62525
62530
62543
62570
62618
62671
62681
62696
62732
62792
62839
62843
62862
62892
62893
62962
62969
62998
63029
63065
63197
63236
63258
63293
63318
63336
63344
63354
63358
63395
63418
63455
63458
63496
63500
63508
63524
63570
63598
63599
63608
63620
63641
63669
63676
63680
63701
63702
63722
63752
63765
63787
63790
63802
63847
63857
63859
63871
63927
63931
63960
63962
64010
64050
64087
64136
64143
64170
64173
64188
64223
64280
64442
64456
64457
64475
64487
64488
64496
64502
64562
64605
64606
64666
64676
64723
64782
64803
64813
64828
64842
64848
64860
64907
64909
64914
64919
64945
64954
64999
65044
65049
65070
65108
65147
65151
65167
65199
65225
65247
65272
65290
65335
65365
65382
65395
65401
65431
65489
65491
65521
65528
65541
65551
65577
65606
65626
65753
65870
65923
65937
65939
65971
66026
66076
66084
66124
66240
66272
66276
66331
66352
66383
66389
66395
66409
66411
66436
66466
66522
66537
66568
66570
66582
66584
66654
66661
66664
66715
66758
66768
66801
66813
66846
66849
66885
66932
66981
67003
67007
67024
67029
67055
67084
67113
67119
67123
67124
67161
67168
67172
67176
67206
67219
67221
67226
67231
67244
67259
67295
67298
67316
67317
67324
67349
67369
67394
67423
67456
67526
67532
67551
67555
67579
67646
67656
67671
67689
67717
67736
67763
67764
67776
67792
67813
67833
67853
67879
67916
67966
67981
67997
68003
68008
68024
68031
68052
68053
68059
68073
68103
68141
68151
68153
68181
68186
68198
68239
68249
68252
68313
68371
68412
68416
68432
68453
68490
68528
68530
68602
68623
68642
68650
68686
68695
68731
68742
68761
68775
68803
68810
68829
68890
68986
68993
69004
69052
69075
69077
69101
69103
69108
69120
69131
69172
69209
69253
69287
69291
69295
69358
69395
69425
69502
69503
69510
69522
69555
69580
69599
69616
69638
69644
69687
69702
69720
69725
69758
69759
69798
69814
69844
69864
69903
69919
69925
69930
69931
69964
69981
70042
70088
70150
70161
70168
70170
70203
70204
70233
70247
70272
70278
70303
70304
70324
70403
70442
70450
70468
70529
70534
70545
70587
70601
70632
70653
70664
70665
70669
70688
70778
70807
70816
70828
70839
70840
70923
70953
70962
70999
71012
71019
71026
71032
71072
71092
71098
71133
71185
71221
71255
71312
71333
71334
71343
71361
71388
71424
71431
71433
71446
71480
71502
71538
71545
71548
71598
71634
71701
71721
71742
71751
71761
71771
71783
71819
71865
71875
71886
71894
71897
71916
71938
71974
72014
72063
72071
72103
72105
72110
72120
72122
72123
72212
72256
72278
72287
72347
72386
72388
72417
72446
72451
72459
72497
72505
72508
72542
72557
72664
72667
72668
72684
72734
72737
72765
72853
72862
72922
72923
72979
73002
73050
73064
73067
73070
73080
73086
73093
73123
73160
73219
73243
73262
73336
73363
73438
73475
73505
73527
73529
73571
73634
73655
73707
73759
73763
73768
73815
73819
73820
73858
73892
73934
73941
73947
73974
74012
74032
74098
74117
74151
74277
74283
74290
74297
74299
74351
74424
74426
74427
74470
74495
74497
74519
74545
74555
74577
74615
74616
74620
74630
74632
74650
74664
74686
74688
74718
74721
74735
74763
74782
74797
74848
74858
74869
74888
74926
74933
74951
75041
75057
75067
75085
75102
75105
75146
75155
75160
75174
75183
75187
75217
75222
75251
75280
75312
75316
75355
75361
75367
75378
75413
75478
75504
75530
75554
75599
75603
75633
75646
75668
75677
75704
75734
75761
75769
75778
75781
75821
75830
75834
75854
75893
75897
75913
75993
75994
76001
76082
76091
76201
76239
76265
76319
76346
76365
76436
76451
76461
76491
76612
76638
76651
76670
76671
76713
76714
76757
76759
76858
76886
76934
77022
77075
77082
77089
77195
77202
77204
77211
77239
77246
77263
77287
77298
77332
77337
77339
77366
77397
77401
77456
77457
77478
77486
77503
77516
77518
77532
77551
77586
77682
77711
77736
77816
77860
77874
77887
77911
78035
78072
78109
78126
78129
78159
78182
78192
78200
78242
78251
78254
78266
78321
78328
78330
78347
78372
78412
78419
78421
78445
78448
78458
78465
78517
78545
78548
78553
78563
78565
78619
78633
78683
78703
78743
78771
78804
78810
78829
78853
78859
78873
78901
78916
78923
78937
78974
78980
78984
79011
79015
79031
79042
79052
79056
79060
79082
79196
79221
79243
79246
79255
79279
79283
79303
79312
79313
79316
79319
79324
79370
79397
79481
79485
79519
79529
79594
79606
79618
79646
79750
79775
79789
79791
79806
79836
79839
79868
79886
79993
80020
80029
80035
80038
80047
80058
80210
80240
80279
80314
80377
80392
80398
80418
80428
80468
80469
80491
80514
80536
80543
80563
80583
80613
80614
80637
80660
80689
80732
80792
80838
80848
80874
80884
80952
81006
81036
81041
81118
81128
81162
81163
81194
81205
81224
81250
81253
81268
81277
81282
81321
81325
81328
81340
81344
81351
81423
81442
81448
81488
81528
81544
81562
81683
81688
81701
81745
81759
81810
81821
81855
81861
81876
81896
81917
81968
82038
82061
82064
82069
82084
82089
82116
82143
82170
82197
82221
82229
82233
82248
82260
82288
82296
82315
82317
82321
82345
82370
82377
82380
82409
82437
82455
82458
82487
82509
82632
82667
82680
82696
82715
82747
82764
82835
82857
82870
82930
82935
82940
82945
82964
82978
82995
83001
83016
83034
83082
83124
83141
83159
83160
83166
83169
83173
83197
83209
83227
83271
83296
83310
83344
83388
83391
83393
83488
83512
83527
83534
83539
83551
83564
83589
83593
83619
83621
83698
83728
83762
83782
83783
83795
83811
83813
83821
83826
83828
83907
84072
84076
84086
84145
84163
84192
84200
84214
84264
84295
84296
84341
84410
84432
84474
84548
84596
84610
84627
84641
84671
84713
84722
84780
84789
84847
84904
84976
84981
84994
85006
85022
85026
85031
85062
85100
85131
85136
85168
85194
85211
85279
85280
85341
85374
85400
85401
85436
85443
85464
85470
85472
85483
85532
85562
85570
85571
85577
85608
85626
85648
85710
85761
85850
85917
85926
85957
85981
86001
86003
86008
86014
86111
86133
86150
86161
86185
86271
86285
86311
86321
86344
86360
86376
86404
86408
86409
86416
86421
86430
86505
86509
86550
86570
86589
86605
86635
86658
86668
86676
86735
86762
86777
86778
86873
86911
86917
86957
86991
87059
87088
87098
87099
87123
87151
87204
87205
87219
87234
87249
87258
87280
87308
87317
87400
87414
87427
87430
87436
87442
87469
87497
87502
87613
87652
87748
87763
87792
87816
87937
87949
87954
87961
88011
88024
88038
88042
88044
88070
88071
88073
88110
88123
88153
88207
88227
88243
88250
88264
88278
88298
88301
88320
88384
88418
88452
88473
88477
88496
88512
88533
88556
88565
88605
88653
88693
88694
88696
88700
88723
88729
88764
88768
88781
88805
88812
88832
88876
88893
88896
88917
88930
88933
88935
88951
88964
88966
88995
89060
89074
89144
89159
89210
89212
89249
89276
89292
89320
89330
89343
89384
89443
89461
89472
89475
89561
89562
89568
89579
89598
89606
89627
89655
89676
89706
89710
89735
89742
89750
89755
89757
89758
89766
89819
89822
89838
89864
89882
89901
89929
89997
90023
90058
90090
90098
90122
90131
90135
90139
90154
90173
90182
90184
90189
90199
90223
90262
90287
90307
90308
90315
90336
90374
90389
90413
90421
90452
90499
90583
90616
90633
90655
90667
90696
90732
90737
90779
90781
90823
90849
90879
90982
90999
91005
91052
91093
91175
91176
91179
91188
91221
91223
91253
91309
91342
91352
91370
91444
91469
91498
91518
91553
91569
91570
91613
91621
91622
91626
91628
91635
91669
91729
91749
91804
91813
91827
91850
91860
91910
91923
91941
91967
91969
91974
91978
91986
92030
92083
92096
92103
92112
92117
92126
92196
92265
92272
92300
92329
92377
92434
92448
92539
92549
92590
92592
92597
92703
92708
92717
92784
92840
92844
92860
92907
92938
92954
92980
93117
93164
93197
93200
93229
93278
93300
93304
93356
93364
93378
93414
93429
93449
93501
93557
93563
93597
93635
93638
93640
93650
93676
93731
93735
93755
93797
93828
93844
93893
93903
93911
93946
93952
93956
93965
93970
94004
94030
94067
94177
94181
94206
94213
94280
94297
94314
94338
94372
94383
94390
94408
94419
94447
94480
94519
94577
94677
94684
94705
94721
94741
94784
94792
94808
94810
94842
94856
94893
94901
94909
94911
94959
94987
95028
95121
95122
95148
95164
95201
95229
95251
95252
95300
95342
95350
95352
95404
95418
95425
95460
95465
95509
95526
95580
95598
95601
95627
95630
95691
95692
95733
95802
95850
95857
95865
95889
95893
95933
95943
95947
95958
96018
96050
96069
96108
96112
96153
96154
96160
96168
96177
96232
96244
96248
96269
96276
96296
96335
96368
96393
96394
96399
96420
96485
96550
96576
96585
96689
96779
96819
96821
96879
96880
96932
96938
96940
96950
96969
96981
97028
97035
97060
97077
97112
97139
97157
97175
97221
97265
97280
97312
97314
97385
97425
97440
97445
97482
97483
97500
97540
97544
97568
97573
97581
97591
97596
97617
97625
97628
97641
97649
97653
97723
97726
97730
97740
97753
97756
97762
97769
97774
97826
97829
97872
97879
97904
97929
97930
97938
97971
97973
97975
98051
98064
98095
98127
98160
98164
98180
98196
98247
98275
98296
98387
98398
98473
98526
98560
98610
98634
98656
98663
98678
98686
98753
98796
98798
98810
98836
98839
98840
98854
98874
98886
98896
98940
98965
99039
99085
99096
99131
99184
99207
99221
99280
99283
99294
99328
99343
99357
99407
99430
99437
99443
99542
99546
99563
99572
99597
99647
99691
99752
99782
99788
99799
99810
99819
99834
99841
99853
99961
99962
99967
99984
100058
100073
100097
100100
100125
100131
100143
100167
100175
100184
100196
100201
100215
100227
100241
100336
100395
100428
100432
100468
100486
100494
100497
100581
100616
100617
100634
100722
100742
100752
100755
100764
100777
100778
100799
100804
100977
100981
101024
101032
101035
101049
101137
101174
101194
101343
101385
101420
101430
101472
101484
101489
101491
101552
101566
101568
101601
101605
101637
101663
101671
101684
101762
101825
101831
101837
101874
101906
101919
101926
101941
101969
101999
102001
102004
102021
102057
102063
102124
102148
102174
102184
102199
102222
102244
102250
102252
102272
102360
102371
102378
102388
102398
102399
102430
102446
102489
102514
102624
102656
102665
102695
102710
102714
102745
102761
102774
102787
102811
102814
102823
102834
102864
102872
102880
102891
102919
102949
102960
102975
103011
103058
103104
103137
103145
103158
103190
103238
103281
103321
103402
103464
103489
103509
103522
103523
103596
103617
103631
103695
103741
103774
103785
103790
103816
103861
103866
103890
103914
103923
103943
103956
103969
104013
104054
104122
104152
104154
104161
104163
104196
104198
104205
104207
104242
104250
104290
104292
104311
104312
104335
104364
104386
104436
104481
104510
104531
104539
104551
104569
104592
104596
104613
104616
104619
104626
104664
104681
104687
104697
104777
104807
104859
104864
104879
104896
104903
104928
104948
104955
104974
104983
105057
105093
105112
105171
105176
105181
105199
105276
105300
105321
105322
105325
105346
105352
105354
105402
105416
105421
105436
105445
105447
105490
105505
105513
105556
105622
105668
105719
105751
105762
105868
105886
105890
105939
105967
106129
106130
106141
106203
106234
106248
106253
106254
106269
106274
106336
106360
106409
106421
106447
106460
106468
106473
106501
106573
106579
106626
106678
106684
106703
106709
106723
106734
106744
106754
106778
106789
106793
106801
106817
106897
106906
106947
106981
106985
107017
107039
107093
107125
107132
107217
107274
107283
107352
107373
107412
107428
107446
107449
107479
107489
107501
107587
107651
107681
107682
107685
107705
107792
107849
107918
107938
107942
107987
108036
108056
108062
108086
108109
108164
108205
108206
108252
108266
108271
108272
108298
108308
108388
108412
108427
108439
108481
108522
108556
108564
108592
108650
108674
108678
108708
108751
108810
108854
108880
108905
108930
108937
108967
108990
108994
109018
109048
109074
109099
109137
109140
109142
109147
109192
109235
109236
109242
109259
109261
109393
109403
109428
109436
109438
109454
109539
109596
109620
109657
109663
109672
109691
109726
109763
109795
109831
109870
109885
109886
109920
109926
109927
109931
109938
109947
109980
109982
110049
110108
110133
110231
110290
110301
110362
110393
110414
110416
110469
110514
110515
110537
110544
110578
110591
110594
110641
110647
110653
110676
110703
110704
110730
110772
110791
110810
110836
110859
110863
110867
110914
110951
110994
110999
111013
111020
111054
111061
