40
79
132
144
146
290
396
684
704
706
1090
1093
1376
1512
1591
2055
2105
2306
2622
2744
2861
2956
3115
3148
3304
3315
3519
3922
4150
4229
4263
4570
4635
4652
4656
4699
4873
5001
5097
5145
5160
5707
5850
5973
6049
6080
6097
6331
6423
6854
6934
7304
7459
7613
7804
7813
7843
7949
7990
8011
8216
8245
8265
8411
8420
8428
8482
8516
8547
8719
8738
8875
8889
8943
8977
9031
9175
9346
9408
9436
9501
9589
9744
9747
9926
9936
10083
10093
10177
10252
10265
10379
10381
10428
10558
10842
10946
10963
11104
11121
11201
11329
11508
11558
11568
11811
12000
12109
12124
12145
12172
12298
12316
12452
12952
13012
13132
13357
13599
13645
13692
13698
13725
13940
14161
14203
14444
14645
14662
14954
14968
15066
15075
15241
15298
15405
15413
15499
15544
15707
15787
15989
16144
16234
16263
16399
16404
16720
16836
16963
17070
17098
17348
17381
17389
17398
17478
17496
17512
17572
17731
17783
17822
17853
17924
18026
18063
18235
18401
18451
18480
18492
18820
18866
18878
19053
19063
19066
19119
19156
19381
19548
19610
19643
19649
19668
19718
19752
19758
19894
19963
20014
20015
20054
20297
20657
20677
20722
20723
20854
21056
21091
21134
21293
21439
21531
21626
21722
21733
21760
21931
21957
22084
22117
22185
22191
22221
22628
22791
22842
23063
23090
23149
23183
23438
23493
23611
23883
24092
24158
24249
24543
24657
24745
24802
24913
24972
25121
25206
25335
25340
25395
25551
25557
25654
25783
25971
26094
26274
26282
26293
26429
26479
26553
26627
26783
26889
26919
26949
26977
26998
27038
27188
27197
27294
27426
27610
27677
27887
27929
27975
28071
28126
28354
28525
28549
28635
28656
28788
28818
28967
29045
29068
29220
29255
29384
29412
29576
29577
29661
29761
29784
29856
29862
29874
29925
29961
29997
30266
30308
30464
30588
30599
30601
30641
30687
31145
31614
31764
31812
31855
31922
32341
32352
32430
32465
32503
32670
32703
32953
32971
33079
33092
33333
33538
33685
33688
33754
33900
33903
33914
33928
34005
34012
34069
34369
34418
34539
34545
34675
34890
34986
35024
35124
35385
35533
35579
35598
35702
35784
35887
35989
36038
36137
36140
36146
36326
36518
36591
36597
36617
36623
36752
36959
36988
37031
37162
37245
37435
37478
37559
37626
37711
37745
37760
37929
37973
38027
38099
38138
38293
38296
38331
38355
38466
38507
38592
38732
38774
38782
38791
38824
38913
39097
39101
39193
39305
39342
39356
39390
39519
39594
39806
39847
39859
39901
40133
40283
40329
40492
40601
40733
40767
40950
41266
41268
41286
41381
41536
41637
41683
41775
41917
42074
42254
42283
42298
42396
42432
42477
42555
42636
42654
42691
42738
42773
42830
42845
42942
43172
43398
43555
43572
43711
43858
44023
44033
44185
44196
44223
44256
44263
44347
44542
44548
44595
44687
44713
44717
44768
44819
44841
44864
44927
44950
44959
44975
45110
45114
45226
45375
45423
45442
45506
45520
45522
45574
45648
45670
45687
45778
45993
46070
46128
46139
46366
46370
46484
46644
46706
46913
47133
47203
47207
47217
47287
47345
47396
47725
47778
47812
47836
47997
48087
48256
48326
48514
48605
48696
48699
48817
48842
48930
49183
49184
49223
49296
49373
49379
49467
49482
49702
49713
49718
49733
49773
49819
49957
50021
50180
50227
50250
50456
50603
50615
50625
50644
50744
50784
50948
51117
51223
51254
51261
51377
51502
51804
51882
51895
51979
52534
52785
52814
52823
52910
52916
52963
53011
53025
53029
53110
53122
53286
53294
53398
53474
53522
53795
53961
54027
54044
54256
54279
54436
54441
54624
54643
54712
54909
54919
55085
55130
55185
55277
55390
55424
55477
55676
55695
55724
55767
55789
56100
56146
56245
56527
56646
56654
56895
56907
56973
57145
57448
57478
57805
57818
57891
58013
58056
58203
58329
58392
58450
58498
58633
58657
58724
58730
58868
58916
58932
58949
59059
59161
59202
59224
59233
59240
59517
59593
59783
59800
59842
59904
59916
60248
60692
60755
60794
60854
61246
61256
61301
61354
61538
61626
61638
61711
61730
61736
61876
61908
61989
62006
62199
62204
62213
62335
62517
62639
62761
62780
62813
62842
62884
62899
62903
62990
63046
63056
63407
63544
63674
63689
63697
63956
64055
64104
64205
64217
64245
64305
64573
64761
64798
64899
65246
65262
65277
65519
65673
65675
65746
65790
66125
66480
66859
66945
67013
67111
67201
67333
67666
67699
67757
67769
67906
68285
68543
68614
68653
68674
68716
68777
68851
68865
68880
69019
69158
69165
69255
69258
69282
69314
69322
69354
69470
69528
69629
69680
69693
69703
69734
69821
69846
69915
69988
69998
70016
70136
70351
70355
70427
70429
70542
70547
70551
70616
70667
70696
70727
70819
70854
70990
71047
71078
71190
71314
71337
71566
71575
71656
71675
71683
71694
71791
71824
71847
71982
72012
72094
72140
72314
72317
72321
72342
72414
72613
72614
72790
72939
72976
73061
73069
73204
73251
73369
73403
73577
73660
73746
73839
73890
73944
74206
74449
74651
74652
74822
74838
74874
74935
75098
75186
75196
75320
75332
75401
75409
75439
75491
75510
75570
75621
75823
75872
75881
75884
76022
76226
76267
76279
76382
76459
76476
76639
76662
76798
76861
76936
76977
77088
77092
77099
77122
77139
77181
77294
77300
77312
77314
77583
77666
77676
77881
77987
77991
78044
78166
78277
78292
78331
78420
78422
78652
78692
78725
78752
78781
78820
78823
78825
78826
78874
79088
79126
79526
79546
79558
79810
79820
79946
79962
80218
80349
80422
80668
80951
81022
81049
81057
81077
81241
81439
81467
81543
81549
81568
81754
81828
81955
82141
82176
82205
82206
82279
82284
82472
82550
82902
83108
83152
83418
83435
83436
83508
83602
84090
84103
84130
84132
84178
84364
84551
84663
84675
84691
84999
85076
85144
85158
85189
85259
85260
85274
85301
85462
85507
85534
85563
85715
85756
85766
85873
85931
86137
86167
86236
86460
86586
86616
86672
86831
86905
87159
87353
87358
87525
87541
87569
87643
87785
87858
87950
87974
88080
88175
88760
88769
88863
88915
88924
89229
89371
89488
89528
89589
89805
89947
89990
90054
90134
90228
90264
90387
90393
90480
90554
90593
90622
90636
90669
90771
90816
90821
91042
91058
91090
91164
91237
91338
91437
91555
91633
91708
91791
91839
92043
92102
92109
92114
92425
92488
92491
92528
92530
92554
92806
92815
92826
92948
93158
93240
93294
93352
93355
93372
93488
93507
93550
93657
93669
93698
93862
93919
94313
94332
94389
94486
94648
94976
95220
95264
95282
95530
95649
95822
95875
96126
96231
96486
96586
96686
96844
96926
96964
97039
97125
97147
97165
97185
97570
97791
97844
97895
98069
98372
98495
98529
98558
98578
98624
99202
99366
99525
99538
99634
99730
99935
99948
100033
100095
100108
100461
100502
100575
100812
100865
101092
101114
101134
101260
101342
101367
101418
101435
101501
101620
101638
101720
101777
101868
102165
102236
102504
102582
102603
102689
102757
102806
102818
102931
103234
103438
103440
103609
103782
103837
104138
104177
104212
104267
104272
104537
104660
104688
104695
104762
104818
104833
105148
105189
105280
105517
105579
105783
105909
105922
106220
106347
106451
106467
106537
106620
106766
106853
107000
107064
107183
107243
107510
107532
107598
107835
108127
108202
108207
108296
108343
108773
108962
109051
109068
109107
109670
109693
109815
109921
109971
109975
110061
110117
110341
110487
110527
110881
