36
76
81
88
120
143
150
160
198
228
236
244
247
248
255
259
263
264
272
281
287
332
354
356
357
362
400
413
430
453
462
471
483
486
515
527
557
575
581
591
604
610
624
631
645
661
692
705
713
720
726
732
735
743
760
784
788
822
835
836
839
850
886
897
910
916
919
927
939
950
951
952
972
978
1005
1015
1023
1036
1053
1091
1097
1107
1116
1145
1147
1160
1165
1166
1197
1204
1232
1261
1262
1272
1296
1301
1311
1347
1386
1448
1450
1456
1465
1474
1476
1477
1489
1492
1497
1503
1514
1524
1527
1531
1532
1559
1577
1583
1598
1614
1660
1676
1678
1684
1701
1713
1736
1738
1743
1788
1820
1834
1835
1848
1849
1868
1872
1881
1901
1916
1936
1937
1938
1960
1975
1980
1984
1997
2026
2031
2051
2059
2063
2082
2091
2092
2102
2106
2115
2148
2189
2191
2210
2211
2214
2222
2235
2252
2254
2260
2274
2289
2296
2301
2327
2335
2352
2357
2372
2386
2391
2397
2408
2427
2432
2434
2438
2456
2484
2490
2505
2513
2523
2527
2528
2530
2535
2538
2553
2555
2566
2574
2621
2644
2649
2650
2659
2674
2679
2688
2700
2720
2726
2734
2736
2741
2743
2748
2757
2760
2769
2787
2791
2809
2848
2866
2878
2890
2896
2913
2915
2939
2951
2958
2970
2972
2973
3036
3061
3078
3084
3089
3099
3101
3103
3126
3137
3194
3195
3218
3221
3225
3228
3233
3236
3237
3253
3281
3289
3293
3298
3306
3309
3323
3338
3345
3371
3382
3385
3396
3397
3418
3426
3436
3474
3491
3493
3499
3502
3521
3522
3523
3540
3542
3543
3551
3559
3577
3618
3622
3624
3633
3643
3647
3663
3684
3707
3709
3720
3726
3768
3774
3784
3822
3846
3874
3936
3942
3975
3983
3991
4005
4015
4038
4039
4057
4072
4103
4109
4110
4117
4121
4129
4139
4142
4175
4176
4203
4212
4213
4231
4242
4249
4253
4257
4284
4290
4302
4307
4314
4315
4326
4330
4331
4334
4338
4370
4373
4406
4447
4463
4468
4473
4475
4479
4497
4545
4559
4566
4567
4571
4653
4655
4657
4660
4665
4723
4725
4731
4740
4761
4779
4790
4818
4844
4846
4863
4870
4877
4882
4890
4895
4927
4939
4955
4963
4977
5020
5027
5034
5036
5040
5062
5072
5073
5083
5093
5094
5123
5132
5134
5151
5164
5171
5176
5227
5267
5269
5280
5283
5294
5307
5330
5335
5342
5348
5364
5365
5369
5395
5400
5407
5414
5440
5443
5473
5476
5480
5506
5509
5521
5538
5539
5543
5550
5556
5572
5613
5618
5640
5657
5658
5712
5719
5724
5728
5734
5739
5772
5777
5781
5783
5784
5785
5793
5802
5806
5830
5849
5880
5882
5884
5886
5904
5923
5948
5958
5969
5981
5983
5992
6004
6020
6048
6063
6091
6098
6111
6142
6161
6167
6172
6177
6184
6190
6202
6278
6309
6319
6337
6359
6372
6386
6388
6412
6419
6430
6448
6460
6466
6471
6493
6501
6515
6518
6524
6527
6544
6545
6556
6567
6569
6571
6582
6591
6600
6603
6623
6625
6675
6681
6687
6693
6705
6713
6717
6739
6765
6773
6774
6808
6842
6845
6862
6878
6919
6923
6953
6963
6965
6973
6977
6989
7000
7001
7023
7036
7042
7046
7062
7066
7068
7092
7094
7102
7121
7124
7130
7131
7167
7171
7176
7191
7193
7204
7236
7242
7245
7249
7253
7259
7269
7270
7296
7323
7332
7335
7357
7385
7391
7403
7424
7426
7431
7468
7469
7473
7496
7519
7542
7559
7611
7612
7630
7649
7650
7659
7662
7669
7674
7707
7719
7729
7745
7753
7769
7785
7807
7820
7825
7870
7871
7887
7907
7932
7938
7941
7964
7967
7969
7970
7974
8020
8026
8046
8057
8066
8074
8107
8114
8117
8126
8158
8229
8239
8252
8260
8290
8315
8334
8358
8373
8376
8387
8390
8395
8414
8417
8423
8433
8436
8440
8476
8477
8497
8500
8550
8557
8567
8588
8589
8643
8646
8657
8667
8689
8703
8731
8737
8748
8753
8759
8760
8764
8773
8802
8920
8936
8942
8953
8987
9005
9017
9025
9037
9039
9068
9077
9079
9091
9093
9099
9113
9121
9135
9166
9180
9196
9201
9211
9218
9263
9278
9279
9291
9297
9312
9315
9375
9394
9395
9402
9419
9420
9452
9458
9507
9520
9528
9535
9552
9566
9577
9593
9597
9619
9633
9640
9676
9682
9691
9696
9698
9701
9715
9736
9743
9745
9772
9773
9775
9810
9817
9852
9876
9879
9883
9891
9892
9895
9900
9903
9913
9933
9935
9941
9980
9999
10001
10042
10048
10059
10068
10095
10103
10123
10125
10136
10149
10230
10238
10240
10251
10258
10279
10291
10297
10301
10314
10393
10416
10421
10430
10440
10456
10507
10516
10522
10570
10573
10588
10600
10616
10630
10641
10693
10716
10753
10767
10782
10783
10784
10802
10833
10853
10884
10888
10894
10920
10934
10937
11032
11034
11037
11053
11066
11106
11108
11109
11114
11117
11128
11144
11163
11179
11182
11193
11216
11228
11231
11236
11250
11264
11301
11302
11313
11316
11334
11336
11342
11352
11353
11380
11382
11392
11423
11429
11434
11445
11517
11522
11536
11600
11662
11673
11697
11707
11738
11754
11755
11807
11808
11822
11838
11848
11866
11874
11898
11924
11930
11936
11938
11941
11944
11951
11995
12018
12037
12064
12077
12081
12090
12121
12130
12138
12143
12144
12160
12178
12197
12210
12221
12254
12259
12261
12265
12266
12289
12292
12306
12318
12320
12323
12329
12335
12345
12346
12354
12360
12400
12405
12409
12497
12514
12531
12533
12543
12556
12568
12625
12631
12642
12675
12681
12697
12707
12725
12727
12728
12741
12770
12773
12818
12824
12860
12868
12891
12905
12915
12928
12946
12968
12971
12978
12988
12992
13015
13027
13077
13088
13093
13109
13112
13119
13158
13179
13190
13196
13211
13221
13225
13229
13232
13247
13264
13268
13271
13278
13283
13295
13320
13376
13378
13387
13400
13410
13450
13453
13463
13487
13488
13512
13541
13560
13563
13576
13605
13612
13613
13616
13621
13632
13652
13655
13660
13662
13663
13679
13693
13695
13696
13707
13709
13710
13720
13739
13747
13770
13772
13784
13792
13795
13804
13805
13806
13815
13816
13833
13917
13947
13954
13999
14012
14020
14038
14039
14066
14067
14071
14075
14076
14165
14177
14179
14180
14183
14187
14192
14200
14208
14247
14252
14255
14278
14300
14319
14339
14343
14373
14388
14391
14392
14401
14410
14454
14489
14494
14526
14590
14615
14619
14620
14622
14633
14652
14665
14695
14703
14716
14717
14722
14729
14738
14758
14772
14774
14784
14787
14797
14814
14893
14920
14923
14927
14955
14964
14981
15019
15025
15035
15053
15059
15078
15079
15091
15115
15141
15144
15149
15159
15171
15193
15201
15204
15205
15210
15218
15222
15242
15253
15261
15282
15287
15305
15327
15336
15349
15352
15356
15363
15404
15409
15438
15451
15463
15464
15476
15480
15507
15516
15521
15528
15532
15543
15545
15548
15598
15603
15616
15628
15642
15654
15675
15689
15694
15700
15704
15730
15741
15742
15760
15768
15799
15810
15812
15845
15851
15930
15933
15946
15955
16014
16071
16079
16080
16147
16155
16186
16193
16201
16202
16213
16233
16282
16287
16297
16351
16358
16369
16403
16414
16417
16419
16428
16435
16475
16483
16492
16517
16530
16535
16540
16561
16565
16573
16583
16594
16628
16650
16673
16689
16694
16700
16730
16732
16737
16751
16767
16773
16804
16807
16815
16863
16867
16870
16897
16899
16921
16926
16933
16959
16962
16965
16972
16983
16986
16994
16995
17000
17031
17044
17048
17062
17071
17073
17076
17096
17124
17133
17173
17177
17186
17242
17259
17260
17277
17316
17319
17328
17343
17347
17384
17405
17420
17466
17467
17469
17476
17487
17498
17504
17507
17510
17511
17553
17555
17562
17571
17591
17614
17646
17661
17681
17725
17761
17763
17766
17768
17780
17799
17808
17841
17846
17851
17859
17862
17868
17885
17886
17893
17930
17948
17963
17970
17971
17973
18020
18051
18054
18056
18066
18067
18068
18070
18077
18083
18094
18097
18107
18113
18116
18129
18144
18153
18158
18163
18175
18176
18177
18178
18184
18227
18251
18259
18260
18264
18284
18292
18316
18319
18322
18337
18347
18352
18357
18380
18468
18531
18533
18536
18564
18569
18595
18597
18607
18613
18638
18646
18649
18653
18667
18706
18724
18728
18755
18757
18762
18775
18781
18855
18863
18876
18899
18912
18938
18967
18969
18985
18992
18994
19008
19017
19064
19071
19072
19075
19085
19087
19098
19103
19107
19108
19129
19138
19149
19157
19167
19168
19184
19186
19187
19189
19215
19220
19221
19225
19228
19255
19272
19350
19354
19376
19383
19431
19441
19449
19471
19500
19534
19535
19537
19556
19558
19562
19571
19593
19655
19694
19695
19701
19711
19716
19721
19741
19745
19753
19775
19786
19793
19838
19843
19850
19859
19911
19916
19949
19965
19971
20009
20031
20058
20059
20061
20066
20086
20102
20128
20207
20215
20226
20243
20252
20293
20295
20317
20327
20341
20361
20368
20372
20392
20434
20437
20441
20447
20454
20455
20456
20458
20466
20486
20489
20490
20508
20553
20568
20585
20621
20658
20694
20725
20729
20739
20748
20753
20760
20777
20817
20832
20844
20855
20860
20861
20897
20923
20930
20934
20999
21009
21014
21017
21020
21027
21044
21049
21054
21070
21090
21097
21103
21108
21116
21191
21193
21197
21199
21216
21217
21219
21220
21233
21264
21324
21325
21350
21353
21372
21388
21432
21451
21464
21510
21522
21529
21546
21580
21582
21590
21607
21617
21619
21654
21678
21679
21683
21690
21703
21721
21753
21764
21799
21835
21854
21863
21871
21885
21887
21895
21914
21925
21928
21967
21971
21975
21988
22001
22037
22039
22040
22061
22072
22074
22126
22127
22128
22130
22131
22134
22159
22172
22174
22179
22202
22206
22210
22227
22249
22264
22267
22277
22292
22293
22312
22321
22326
22327
22336
22343
22358
22364
22392
22398
22405
22413
22417
22423
22427
22436
22449
22452
22462
22481
22482
22488
22490
22498
22504
22512
22514
22521
22527
22528
22579
22606
22608
22660
22662
22669
22677
22686
22697
22701
22711
22712
22723
22725
22739
22747
22749
22775
22826
22836
22862
22864
22866
22922
22932
22934
22958
22970
22971
22985
22992
23027
23028
23051
23057
23072
23089
23114
23120
23122
23127
23140
23143
23173
23179
23180
23186
23223
23241
23249
23301
23317
23320
23391
23422
23423
23425
23437
23450
23460
23469
23490
23494
23497
23507
23520
23526
23537
23547
23557
23575
23582
23589
23634
23657
23679
23722
23735
23761
23762
23777
23789
23812
23838
23865
23870
23890
23920
23945
23946
23953
23997
24031
24058
24095
24115
24134
24178
24205
24223
24267
24269
24272
24282
24335
24346
24401
24439
24445
24448
24453
24461
24478
24509
24511
24524
24544
24559
24565
24588
24646
24648
24693
24704
24737
24743
24783
24788
24791
24810
24821
24826
24868
24876
24978
24979
24983
24987
24988
24999
25009
25012
25075
25098
25102
25151
25160
25165
25170
25177
25207
25211
25219
25222
25224
25242
25246
25247
25257
25269
25284
25287
25300
25375
25387
25388
25398
25411
25417
25423
25450
25472
25487
25491
25508
25512
25529
25532
25565
25566
25578
25593
25610
25613
25625
25642
25663
25664
25719
25725
25734
25772
25789
25803
25814
25815
25846
25849
25871
25873
25884
25910
25923
25927
25960
25963
25967
25984
25986
25993
26015
26020
26031
26035
26040
26059
26069
26072
26080
26101
26106
26109
26135
26138
26154
26178
26193
26194
26201
26247
26257
26273
26291
26302
26353
26367
26380
26390
26395
26430
26451
26452
26459
26484
26532
26535
26560
26571
26588
26597
26602
26605
26609
26624
26639
26657
26703
26742
26746
26794
26869
26873
26878
26883
26898
26902
26903
26914
26928
26931
26939
26941
26942
26974
26993
27024
27035
27036
27055
27071
27077
27091
27112
27129
27140
27142
27174
27180
27183
27184
27215
27224
27231
27234
27237
27243
27247
27266
27276
27279
27291
27298
27313
27346
27349
27356
27357
27361
27371
27372
27408
27419
27422
27439
27441
27443
27449
27468
27498
27524
27534
27536
27538
27552
27554
27576
27578
27584
27601
27632
27640
27647
27666
27675
27680
27686
27697
27723
27738
27754
27767
27779
27784
27807
27849
27850
27857
27864
27870
27873
27882
27899
27904
27922
27991
27994
28007
28018
28044
28050
28084
28111
28154
28158
28172
28183
28200
28215
28248
28275
28290
28303
28309
28318
28323
28328
28333
28348
28365
28371
28396
28400
28416
28431
28432
28458
28460
28464
28474
28475
28476
28489
28510
28524
28541
28611
28636
28655
28686
28695
28709
28719
28720
28738
28750
28768
28798
28806
28815
28829
28833
28865
28866
28878
28886
28898
28905
28907
28930
28957
28958
28961
28977
28979
28984
28986
28993
29000
29006
29029
29038
29064
29080
29095
29103
29105
29124
29125
29129
29133
29156
29158
29169
29182
29188
29203
29246
29251
29266
29284
29299
29309
29315
29316
29329
29349
29353
29419
29429
29441
29448
29452
29516
29521
29523
29569
29575
29588
29596
29618
29630
29631
29638
29652
29654
29657
29667
29673
29674
29678
29680
29708
29716
29726
29751
29781
29792
29814
29817
29861
29900
29906
29935
29958
29977
29979
29991
29995
30030
30039
30054
30062
30065
30083
30098
30099
30103
30146
30154
30163
30190
30210
30219
30282
30292
30302
30305
30309
30314
30327
30328
30342
30359
30369
30372
30392
30401
30402
30406
30415
30423
30428
30432
30434
30458
30485
30488
30493
30498
30502
30505
30510
30513
30526
30549
30594
30610
30640
30645
30655
30660
30672
30678
30704
30706
30724
30731
30733
30772
30789
30810
30815
30821
30823
30834
30839
30857
30872
30878
30888
30889
30919
30927
30938
30950
30954
30976
31001
31003
31007
31008
31044
31060
31061
31070
31084
31107
31108
31112
31119
31130
31131
31135
31156
31160
31162
31212
31225
31249
31252
31266
31276
31282
31294
31297
31325
31343
31349
31365
31388
31401
31422
31429
31439
31487
31492
31500
31527
31531
31539
31541
31579
31583
31590
31595
31600
31606
31611
31623
31627
31638
31645
31665
31667
31686
31722
31737
31738
31749
31770
31782
31789
31798
31808
31831
31833
31845
31867
31870
31881
31885
31887
31891
31911
31934
31942
31955
31963
31975
31988
31990
31991
31995
32002
32063
32068
32081
32104
32109
32122
32123
32127
32135
32139
32142
32144
32163
32167
32190
32197
32198
32201
32220
32225
32249
32257
32262
32273
32283
32306
32322
32328
32353
32364
32365
32373
32382
32399
32406
32415
32418
32423
32429
32435
32443
32445
32475
32497
32502
32531
32565
32578
32583
32609
32615
32649
32660
32664
32686
32688
32700
32708
32715
32726
32728
32744
32761
32763
32787
32791
32820
32821
32855
32857
32866
32875
32877
32878
32897
32911
32958
33042
33043
33074
33085
33090
33101
33130
33134
33140
33146
33155
33176
33197
33203
33208
33221
33227
33236
33254
33270
33276
33280
33281
33289
33293
33294
33297
33312
33324
33343
33347
33404
33453
33469
33478
33481
33494
33502
33520
33525
33527
33573
33590
33602
33606
33608
33609
33623
33628
33650
33657
33664
33668
33703
33744
33775
33777
33783
33800
33823
33824
33825
33848
33852
33858
33872
33874
33906
33910
33918
33944
33960
33999
34000
34039
34040
34048
34059
34079
34105
34114
34120
34139
34162
34166
34177
34201
34220
34222
34253
34257
34283
34296
34298
34323
34336
34338
34388
34391
34415
34432
34455
34457
34464
34466
34480
34483
34487
34499
34500
34505
34513
34541
34561
34596
34598
34609
34611
34644
34653
34660
34692
34703
34704
34712
34722
34728
34733
34738
34740
34742
34756
34757
34761
34772
34790
34794
34832
34839
34927
34932
34980
34981
34982
34988
34989
34993
34994
35005
35006
35008
35029
35032
35035
35039
35048
35065
35078
35096
35098
35131
35135
35136
35141
35155
35161
35183
35195
35200
35215
35225
35226
35229
35247
35283
35286
35334
35381
35398
35404
35408
35416
35421
35435
35437
35457
35458
35468
35474
35481
35499
35511
35514
35568
35601
35604
35640
35650
35652
35653
35654
35699
35703
35719
35727
35742
35746
35765
35785
35789
35796
35809
35833
35841
35844
35847
35857
35860
35863
35867
35882
35896
35929
35939
35941
35954
35956
35961
35962
35967
35975
35988
36007
36019
36025
36049
36050
36069
36077
36078
36092
36109
36124
36126
36128
36131
36157
36166
36167
36172
36186
36187
36192
36198
36211
36239
36242
36253
36261
36270
36309
36317
36325
36332
36340
36362
36372
36397
36409
36447
36460
36461
36508
36510
36526
36531
36557
36573
36574
36613
36619
36636
36644
36651
36668
36702
36703
36707
36716
36721
36723
36732
36744
36748
36751
36756
36762
36768
36828
36849
36867
36872
36886
36894
36901
36934
36939
36963
36969
36972
36973
37034
37042
37047
37052
37061
37099
37107
37118
37124
37128
37148
37153
37185
37213
37218
37228
37237
37260
37263
37264
37268
37270
37282
37309
37315
37329
37353
37366
37370
37401
37402
37405
37437
37439
37444
37461
37467
37492
37501
37528
37530
37531
37556
37590
37595
37604
37605
37614
37623
37639
37646
37649
37656
37676
37704
37714
37719
37724
37727
37780
37798
37809
37812
37847
37848
37858
37867
37871
37879
37936
37942
37969
37974
37981
37984
37991
37994
38003
38010
38053
38065
38084
38085
38089
38092
38129
38161
38177
38178
38189
38209
38210
38214
38215
38235
38236
38241
38242
38248
38251
38264
38271
38298
38308
38311
38315
38335
38342
38347
38364
38366
38412
38433
38440
38509
38510
38514
38515
38521
38529
38531
38553
38574
38588
38600
38608
38616
38641
38643
38654
38657
38677
38705
38709
38739
38740
38744
38794
38797
38820
38856
38873
38919
38929
38943
38944
38950
38961
38965
38966
38973
38979
38984
38987
38988
38993
39000
39003
39009
39020
39024
39039
39059
39069
39071
39096
39098
39107
39109
39112
39113
39158
39163
39168
39177
39194
39198
39203
39215
39217
39248
39272
39316
39373
39396
39403
39409
39430
39458
39475
39485
39501
39504
39509
39558
39559
39611
39633
39648
39658
39693
39696
39702
39723
39732
39737
39738
39739
39745
39753
39758
39762
39767
39773
39779
39802
39812
39826
39831
39851
39860
39870
39872
39888
39914
39924
39931
39984
39988
40004
40018
40023
40027
40032
40051
40059
40079
40084
40096
40107
40109
40115
40118
40120
40122
40130
40170
40186
40202
40215
40218
40224
40225
40281
40299
40302
40308
40314
40316
40333
40341
40354
40369
40380
40381
40382
40384
40387
40389
40407
40422
40426
40430
40432
40447
40477
40500
40511
40512
40581
40610
40616
40617
40618
40650
40655
40657
40676
40678
40691
40710
40712
40734
40739
40748
40757
40783
40804
40805
40809
40820
40827
40842
40855
40856
40861
40903
40951
41004
41012
41026
41029
41048
41050
41057
41079
41103
41110
41130
41170
41198
41220
41264
41277
41294
41328
41368
41393
41407
41414
41424
41430
41441
41474
41493
41513
41516
41522
41524
41526
41529
41533
41563
41586
41597
41600
41601
41609
41684
41696
41730
41734
41754
41759
41766
41791
41811
41813
41826
41847
41854
41861
41865
41877
41887
41905
41914
41938
41962
41974
41979
41981
41982
41994
42013
42044
42050
42061
42069
42085
42090
42122
42131
42145
42155
42171
42187
42235
42236
42238
42239
42245
42261
42268
42286
42330
42343
42364
42387
42398
42401
42427
42446
42448
42455
42463
42471
42475
42482
42548
42553
42575
42576
42600
42615
42624
42645
42655
42683
42697
42706
42720
42725
42726
42734
42799
42832
42868
42870
42871
42881
42884
42885
42893
42903
42907
42934
42957
42959
42978
42996
43005
43008
43013
43022
43028
43036
43037
43038
43048
43052
43055
43060
43079
43093
43095
43106
43123
43124
43134
43164
43179
43202
43204
43207
43209
43230
43237
43246
43265
43283
43284
43289
43298
43315
43327
43343
43357
43362
43373
43393
43396
43414
43418
43424
43425
43434
43439
43467
43480
43483
43487
43491
43506
43517
43536
43579
43585
43587
43588
43595
43597
43602
43610
43611
43655
43663
43677
43690
43716
43721
43729
43735
43736
43743
43759
43770
43774
43782
43786
43790
43831
43864
43872
43892
43904
43943
43954
43959
43969
43974
43977
44040
44074
44079
44099
44118
44120
44141
44161
44165
44182
44188
44198
44201
44208
44209
44221
44227
44237
44240
44247
44267
44275
44276
44293
44294
44312
44315
44326
44332
44344
44351
44384
44417
44465
44471
44490
44533
44546
44547
44550
44555
44561
44580
44588
44589
44590
44599
44608
44616
44623
44628
44640
44652
44660
44710
44716
44726
44742
44814
44817
44840
44849
44850
44861
44883
44885
44900
44902
44905
44914
44928
44941
44944
44957
44958
45014
45023
45031
45033
45049
45052
45056
45077
45084
45085
45126
45132
45170
45171
45213
45216
45225
45261
45337
45363
45381
45384
45388
45391
45393
45411
45422
45468
45477
45481
45483
45519
45544
45556
45563
45566
45585
45595
45597
45611
45614
45659
45692
45709
45710
45740
45747
45754
45779
45801
45813
45822
45856
45860
45864
45878
45880
45901
45906
45908
45925
45928
45942
45953
45963
45977
45981
45983
45991
45997
46021
46030
46034
46042
46045
46069
46087
46089
46109
46112
46113
46142
46144
46164
46175
46182
46189
46191
46215
46226
46236
46253
46266
46269
46274
46286
46311
46332
46334
46340
46345
46364
46369
46377
46425
46430
46431
46441
46444
46446
46452
46475
46489
46517
46540
46545
46563
46620
46641
46645
46651
46664
46668
46673
46677
46682
46689
46690
46694
46699
46712
46719
46725
46727
46742
46751
46766
46776
46784
46801
46809
46829
46830
46835
46836
46856
46859
46885
46898
46910
46932
46945
46947
46953
46974
46981
47015
47074
47081
47087
47117
47122
47145
47149
47153
47175
47190
47195
47199
47209
47219
47222
47240
47262
47267
47275
47297
47303
47304
47308
47314
47321
47340
47341
47343
47353
47375
47376
47412
47416
47421
47442
47446
47449
47451
47462
47471
47480
47484
47499
47518
47521
47538
47540
47541
47547
47563
47568
47594
47608
47611
47619
47639
47674
47676
47682
47697
47719
47729
47733
47746
47751
47771
47781
47783
47823
47829
47859
47882
47892
47895
47898
47914
47937
47938
47941
47944
47970
47975
47990
47991
48025
48029
48031
48038
48039
48040
48112
48129
48152
48162
48166
48177
48202
48225
48234
48243
48265
48269
48279
48296
48313
48315
48318
48336
48353
48356
48366
48375
48392
48422
48435
48452
48454
48456
48494
48526
48528
48529
48542
48573
48609
48631
48635
48639
48665
48672
48679
48690
48704
48712
48725
48745
48746
48753
48781
48784
48791
48793
48799
48807
48810
48822
48853
48865
48866
48874
48890
48909
48910
48915
48943
48961
48962
48968
48969
48985
48997
49005
49006
49010
49038
49046
49068
49081
49084
49095
49115
49121
49132
49133
49139
49164
49178
49186
49192
49232
49251
49255
49288
49305
49308
49313
49322
49329
49338
49361
49384
49391
49405
49407
49427
49435
49437
49446
49450
49464
49485
49488
49490
49499
49538
49540
49543
49554
49558
49562
49567
49568
49575
49579
49580
49585
49588
49594
49604
49612
49617
49628
49633
49639
49670
49694
49701
49731
49747
49756
49766
49777
49780
49796
49812
49825
49842
49858
49865
49866
49869
49872
49880
49896
49926
49931
49932
49939
49948
49952
49972
49976
49987
50013
50020
50032
50034
50046
50063
50065
50104
50111
50118
50119
50140
50144
50147
50154
50188
50212
50221
50223
50263
50273
50279
50290
50295
50314
50315
50320
50323
50330
50335
50341
50377
50383
50388
50407
50414
50424
50429
50440
50455
50471
50476
50489
50524
50530
50532
50534
50553
50560
50576
50599
50612
50634
50635
50656
50659
50682
50696
50702
50707
50710
50712
50720
50737
50756
50759
50773
50782
50785
50793
50798
50815
50828
50830
50869
50870
50887
50893
50911
50923
50936
50940
50944
50951
50974
50980
50985
51013
51018
51020
51029
51033
51037
51041
51051
51097
51106
51108
51122
51135
51144
51161
51170
51194
51202
51215
51224
51227
51233
51239
51248
51278
51287
51297
51336
51365
51369
51379
51387
51401
51420
51422
51428
51438
51439
51441
51487
51494
51516
51520
51537
51542
51591
51627
51631
51637
51654
51673
51696
51728
51737
51751
51755
51781
51784
51788
51812
51816
51821
51823
51826
51858
51872
51877
51900
51914
51927
51928
51933
51937
51951
52022
52023
52055
52094
52108
52140
52142
52143
52154
52173
52185
52192
52204
52219
52220
52238
52245
52251
52252
52256
52258
52273
52311
52326
52350
52355
52357
52393
52397
52406
52412
52424
52446
52450
52467
52471
52473
52479
52483
52497
52498
52503
52519
52537
52541
52565
52577
52588
52619
52646
52657
52669
52688
52714
52720
52742
52773
52775
52795
52805
52813
52828
52841
52855
52882
52885
52896
52902
52931
52938
52945
52956
52979
52980
52983
53005
53016
53020
53022
53031
53053
53066
53069
53074
53075
53100
53105
53142
53143
53151
53157
53167
53183
53200
53218
53220
53224
53233
53249
53258
53267
53269
53299
53325
53342
53356
53358
53373
53404
53412
53413
53415
53439
53463
53470
53472
53494
53541
53546
53556
53561
53567
53575
53589
53590
53614
53626
53630
53635
53691
53692
53719
53723
53728
53733
53740
53750
53761
53771
53772
53798
53841
53844
53846
53849
53877
53880
53886
53891
53899
53916
53919
53927
53931
53969
53995
54018
54049
54065
54071
54074
54079
54081
54089
54090
54094
54100
54111
54126
54131
54138
54165
54176
54183
54186
54212
54229
54271
54276
54287
54299
54306
54329
54359
54381
54397
54398
54434
54444
54472
54483
54525
54528
54540
54543
54545
54555
54562
54564
54573
54578
54579
54580
54583
54597
54630
54631
54652
54661
54662
54669
54676
54686
54705
54717
54739
54749
54755
54756
54767
54773
54800
54813
54849
54850
54884
54912
54918
54924
54938
54957
54973
54990
55014
55019
55023
55033
55045
55048
55061
55065
55069
55079
55081
55102
55119
55121
55135
55139
55142
55182
55191
55202
55215
55224
55236
55238
55256
55284
55287
55310
55319
55322
55324
55337
55360
55361
55365
55374
55376
55409
55430
55441
55465
55493
55528
55531
55538
55547
55552
55554
55560
55572
55584
55600
55606
55619
55656
55659
55663
55674
55683
55685
55702
55707
55735
55736
55737
55738
55745
55761
55762
55782
55799
55816
55824
55833
55844
55859
55868
55869
55874
55892
55905
55912
55920
55935
55947
55955
55984
55987
56013
56039
56064
56091
56105
56107
56111
56119
56126
56128
56137
56139
56143
56155
56164
56165
56192
56198
56199
56207
56216
56223
56232
56302
56309
56375
56380
56404
56419
56420
56442
56459
56461
56475
56483
56496
56499
56518
56525
56539
56540
56566
56597
56605
56607
56632
56634
56641
56652
56653
56664
56670
56687
56694
56703
56710
56731
56746
56749
56752
56758
56760
56776
56781
56806
56814
56831
56842
56856
56857
56890
56935
56937
56941
56945
56946
56959
56968
56983
56985
57013
57023
57027
57033
57072
57112
57116
57148
57168
57183
57198
57200
57211
57214
57216
57218
57221
57243
57286
57300
57307
57338
57347
57363
57381
57407
57439
57467
57480
57485
57495
57507
57521
57538
57549
57563
57565
57586
57607
57666
57692
57695
57718
57722
57725
57726
57727
57733
57742
57745
57746
57751
57800
57808
57810
57819
57832
57840
57845
57848
57850
57861
57885
57893
57897
57906
57917
57962
57965
57997
58018
58024
58029
58034
58047
58074
58077
58080
58083
58091
58135
58141
58155
58164
58165
58171
58218
58245
58249
58276
58287
58303
58317
58320
58328
58343
58366
58420
58426
58442
58457
58460
58462
58463
58488
58505
58507
58530
58545
58558
58569
58575
58578
58585
58595
58598
58604
58616
58619
58626
58639
58676
58682
58699
58711
58735
58748
58759
58762
58784
58785
58806
58817
58831
58838
58840
58849
58853
58857
58860
58865
58907
58910
58911
58921
58930
58962
58971
58992
59002
59013
59040
59041
59056
59084
59089
59099
59122
59128
59136
59142
59160
59172
59179
59190
59214
59215
59220
59221
59225
59234
59254
59257
59273
59282
59295
59300
59331
59335
59339
59341
59357
59383
59396
59411
59412
59415
59429
59448
59452
59455
59480
59490
59497
59498
59513
59519
59528
59533
59536
59546
59552
59553
59554
59556
59571
59585
59591
59599
59618
59633
59653
59680
59681
59701
59714
59717
59752
59789
59799
59805
59807
59852
59853
59855
59883
59915
59932
59933
59946
59951
59966
59968
59981
60002
60010
60017
60021
60023
60054
60086
60097
60123
60129
60142
60149
60166
60171
60184
60194
60222
60239
60240
60250
60259
60268
60273
60312
60329
60335
60354
60377
60389
60402
60403
60405
60407
60413
60423
60428
60439
60444
60476
60490
60499
60500
60523
60530
60543
60567
60588
60602
60612
60615
60645
60648
60671
60675
60725
60741
60784
60806
60831
60869
60883
60887
60892
60895
60909
60924
60926
60930
60939
60957
60963
60965
60971
60984
60995
61006
61022
61027
61028
61072
61129
61134
61148
61152
61171
61181
61184
61201
61218
61226
61272
61274
61288
61289
61296
61300
61334
61352
61363
61365
61367
61378
61408
61435
61501
61546
61554
61563
61567
61568
61572
61581
61592
61599
61606
61617
61643
61671
61673
61717
61718
61727
61738
61763
61764
61775
61783
61793
61805
61806
61818
61831
61843
61896
61912
61916
61924
61926
61947
61954
61976
61979
61994
61997
62004
62036
62043
62048
62055
62066
62069
62075
62090
62099
62115
62156
62174
62202
62210
62224
62233
62245
62248
62280
62289
62358
62361
62371
62373
62386
62388
62391
62394
62416
62422
62435
62477
62541
62553
62571
62594
62597
62612
62616
62628
62635
62669
62672
62683
62698
62711
62724
62727
62730
62738
62760
62767
62789
62815
62827
62829
62896
62907
62918
62923
62925
62944
62950
62966
62983
62988
63009
63016
63032
63045
63070
63083
63099
63103
63106
63107
63108
63115
63144
63154
63162
63182
63193
63201
63203
63210
63214
63218
63231
63244
63262
63279
63281
63284
63300
63307
63328
63346
63383
63443
63454
63489
63502
63504
63507
63511
63516
63536
63543
63553
63555
63564
63565
63566
63600
63617
63618
63631
63632
63637
63660
63666
63668
63684
63700
63762
63777
63794
63798
63816
63838
63860
63865
63866
63897
63900
63908
63919
63939
63945
63959
63971
63972
64007
64009
64012
64014
64016
64043
64048
64052
64064
64082
64109
64131
64150
64158
64162
64172
64190
64191
64196
64199
64207
64210
64214
64222
64227
64262
64276
64293
64295
64314
64330
64368
64372
64380
64399
64409
64410
64415
64416
64430
64435
64444
64455
64477
64482
64495
64503
64509
64510
64533
64539
64540
64541
64558
64563
64587
64590
64596
64602
64614
64623
64646
64649
64651
64710
64711
64718
64756
64788
64810
64825
64841
64864
64865
64869
64877
64880
64887
64893
64929
64943
64944
64959
64981
64984
65016
65018
65028
65030
65031
65037
65040
65064
65065
65085
65090
65109
65143
65157
65163
65171
65173
65194
65231
65238
65258
65264
65273
65276
65278
65279
65303
65327
65334
65342
65369
65387
65410
65418
65427
65470
65472
65484
65487
65493
65495
65513
65529
65536
65565
65580
65601
65611
65621
65645
65664
65686
65695
65697
65698
65738
65742
65749
65787
65801
65824
65832
65839
65863
65876
65887
65911
65914
65921
65930
65956
65961
65966
65974
66001
66002
66009
66020
66049
66059
66067
66072
66077
66091
66098
66103
66105
66138
66140
66146
66156
66160
66177
66208
66219
66228
66242
66254
66261
66279
66280
66293
66323
66330
66336
66344
66351
66361
66368
66369
66371
66382
66384
66397
66403
66404
66429
66447
66458
66465
66495
66497
66501
66534
66540
66567
66572
66576
66585
66590
66608
66631
66632
66639
66652
66658
66672
66677
66684
66738
66743
66744
66812
66840
66847
66870
66873
66881
66898
66917
66919
66920
66921
66927
66960
66965
66972
66988
67004
67020
67023
67034
67053
67067
67076
67082
67102
67103
67112
67121
67148
67152
67186
67190
67198
67247
67267
67271
67293
67303
67350
67370
67371
67385
67386
67393
67408
67420
67436
67446
67453
67470
67528
67533
67539
67546
67563
67569
67624
67631
67638
67640
67650
67665
67694
67696
67704
67715
67720
67739
67755
67760
67761
67816
67822
67847
67861
67864
67876
67877
67886
67890
67893
67896
67904
67934
67941
67948
67965
67973
67989
68019
68026
68030
68069
68070
68080
68082
68086
68093
68097
68113
68128
68131
68148
68161
68164
68175
68178
68192
68206
68213
68214
68229
68230
68241
68277
68282
68288
68298
68302
68303
68307
68321
68341
68351
68369
68373
68383
68384
68399
68418
68449
68462
68474
68496
68503
68516
68521
68522
68531
68541
68554
68561
68563
68567
68576
68583
68597
68598
68605
68613
68616
68624
68654
68681
68692
68703
68733
68735
68736
68752
68825
68826
68835
68853
68855
68864
68866
68879
68892
68893
68912
68920
68943
68946
68950
68960
68973
68978
68979
68996
69000
69012
69021
69025
69045
69056
69060
69095
69104
69117
69136
69169
69174
69219
69233
69242
69252
69259
69266
69273
69319
69324
69325
69329
69336
69352
69369
69374
69409
69417
69449
69450
69495
69542
69545
69548
69552
69573
69593
69597
69611
69637
69664
69678
69696
69698
69707
69726
69735
69739
69763
69765
69785
69812
69833
69841
69845
69870
69875
69902
69912
69921
69958
69960
69975
69995
70004
70006
70030
70032
70054
70058
70060
70062
70063
70065
70071
70082
70084
70085
70093
70107
70113
70130
70144
70147
70154
70165
70171
70178
70182
70187
70208
70209
70210
70228
70279
70286
70291
70318
70348
70368
70384
70401
70405
70430
70433
70445
70451
70501
70502
70506
70509
70550
70558
70561
70579
70580
70589
70593
70599
70613
70614
70621
70623
70638
70655
70656
70674
70680
70690
70705
70707
70709
70723
70732
70752
70753
70755
70758
70765
70773
70777
70784
70792
70794
70831
70845
70859
70867
70871
70873
70887
70893
70917
70926
70938
70943
70957
70960
71009
71013
71014
71023
71027
71039
71044
71065
71068
71074
71077
71079
71085
71114
71153
71169
71186
71200
71227
71247
71253
71260
71288
71290
71305
71308
71313
71315
71319
71328
71366
71369
71397
71400
71401
71440
71443
71449
71450
71452
71464
71474
71493
71501
71514
71520
71524
71537
71544
71547
71555
71558
71580
71596
71609
71623
71652
71654
71655
71662
71697
71707
71723
71755
71758
71759
71780
71797
71812
71816
71826
71828
71835
71853
71880
71885
71901
71917
71958
71976
71985
72008
72009
72018
72053
72060
72070
72117
72125
72126
72161
72162
72180
72196
72220
72223
72231
72240
72246
72255
72281
72282
72301
72309
72332
72381
72390
72399
72409
72443
72450
72469
72472
72476
72482
72485
72562
72566
72575
72576
72598
72628
72640
72658
72685
72689
72692
72709
72738
72769
72779
72789
72823
72838
72848
72849
72860
72864
72869
72879
72881
72902
72909
72932
72953
72974
72986
73005
73009
73018
73053
73058
73078
73084
73087
73088
73089
73102
73107
73116
73118
73147
73169
73187
73197
73212
73272
73281
73283
73291
73301
73305
73307
73314
73319
73343
73348
73360
73375
73391
73401
73419
73427
73443
73449
73452
73458
73464
73468
73473
73494
73503
73514
73530
73546
73587
73600
73632
73642
73643
73645
73657
73681
73685
73709
73713
73716
73722
73734
73736
73756
73761
73788
73804
73824
73832
73841
73843
73862
73874
73878
73883
73914
73921
73958
73960
73991
74004
74009
74024
74028
74035
74037
74041
74050
74065
74075
74091
74093
74097
74107
74108
74109
74113
74115
74118
74125
74163
74242
74252
74295
74321
74335
74336
74347
74362
74387
74390
74391
74393
74396
74406
74423
74460
74476
74477
74483
74485
74486
74496
74511
74531
74543
74557
74614
74622
74631
74634
74635
74637
74661
74678
74692
74697
74756
74777
74810
74812
74817
74825
74852
74860
74886
74906
74915
74923
74924
74925
74927
74953
74958
74995
75008
75080
75111
75130
75147
75150
75162
75178
75204
75236
75238
75247
75253
75271
75278
75293
75323
75351
75360
75369
75376
75384
75393
75420
75430
75446
75453
75461
75467
75487
75495
75506
75520
75521
75547
75552
75587
75610
75611
75637
75647
75651
75666
75687
75698
75700
75710
75718
75727
75729
75748
75763
75768
75771
75782
75795
75796
75807
75812
75844
75846
75848
75853
75855
75873
75883
75889
75892
75894
75932
75952
75985
75989
75992
76000
76011
76061
76078
76087
76089
76101
76120
76173
76179
76187
76197
76202
76223
76289
76308
76320
76323
76338
76355
76390
76404
76410
76427
76448
76457
76487
76506
76514
76538
76573
76576
76580
76584
76600
76601
76608
76616
76622
76629
76630
76648
76650
76660
76664
76718
76723
76743
76774
76794
76813
76824
76829
76830
76850
76855
76868
76879
76882
76887
76888
76911
76921
76930
76958
76959
76982
76984
76992
77014
77029
77060
77077
77079
77080
77095
77104
77121
77128
77133
77134
77137
77165
77171
77173
77175
77180
77189
77251
77252
77264
77286
77299
77349
77357
77380
77383
77406
77417
77470
77556
77561
77576
77612
77614
77619
77645
77693
77710
77716
77718
77727
77728
77740
77743
77760
77763
77769
77776
77782
77817
77841
77845
77856
77866
77870
77872
77877
77882
77891
77902
77906
77919
77923
77951
77957
77970
77981
77988
78000
78001
78002
78010
78014
78021
78023
78025
78038
78042
78046
78103
78114
78120
78133
78145
78156
78158
78194
78198
78224
78239
78253
78256
78267
78274
78305
78324
78358
78364
78367
78371
78375
78379
78385
78405
78415
78446
78447
78462
78476
78477
78484
78485
78499
78502
78520
78524
78527
78530
78539
78557
78573
78604
78614
78621
78627
78630
78637
78649
78655
78656
78705
78715
78717
78724
78726
78732
78744
78773
78777
78784
78867
78882
78903
78926
78930
78931
78934
78938
78945
78961
78977
78983
78992
78996
79018
79045
79055
79061
79071
79073
79084
79099
79100
79106
79110
79112
79114
79122
79130
79133
79135
79157
79165
79175
79178
79188
79190
79207
79213
79218
79247
79258
79263
79264
79267
79272
79276
79288
79343
79353
79362
79364
79366
79379
79396
79401
79424
79431
79472
79477
79487
79507
79518
79524
79548
79560
79586
79591
79615
79621
79628
79644
79648
79652
79653
79660
79668
79680
79683
79690
79694
79701
79703
79711
79747
79755
79763
79798
79825
79832
79835
79846
79848
79864
79870
79875
79883
79892
79895
79896
79899
79904
79906
79912
79916
79929
79934
79944
79950
79951
79965
79967
79969
79975
79985
79996
80003
80010
80015
80042
80048
80051
80056
80068
80071
80074
80083
80085
80117
80121
80146
80165
80173
80175
80179
80187
80204
80208
80219
80244
80245
80255
80260
80266
80271
80289
80304
80341
80362
80374
80385
80407
80419
80424
80462
80470
80488
80516
80552
80590
80597
80616
80628
80630
80632
80644
80655
80656
80659
80687
80759
80781
80790
80797
80799
80800
80805
80808
80814
80871
80882
80890
80892
80903
80910
80926
80940
80944
80947
80967
80973
80975
80982
80989
80995
81037
81058
81088
81097
81110
81112
81127
81130
81142
81155
81196
81202
81251
81258
81259
81285
81289
81307
81313
81323
81333
81380
81396
81398
81416
81425
81430
81437
81446
81457
81459
81474
81511
81512
81514
81531
81532
81535
81538
81545
81551
81567
81592
81627
81634
81641
81651
81675
81686
81699
81714
81717
81747
81751
81752
81765
81773
81792
81802
81809
81824
81844
81847
81899
81921
81939
81949
81953
81959
81966
81970
81985
82044
82063
82102
82144
82158
82172
82184
82186
82190
82202
82220
82231
82239
82251
82256
82258
82262
82270
82282
82297
82299
82320
82330
82333
82339
82389
82393
82394
82395
82415
82416
82420
82475
82508
82544
82558
82593
82594
82607
82611
82612
82615
82617
82650
82668
82669
82670
82681
82683
82701
82714
82731
82781
82797
82801
82806
82818
82821
82827
82829
82832
82844
82845
82849
82874
82875
82883
82914
82918
82944
82957
82963
82993
82997
82998
82999
83002
83023
83042
83046
83054
83093
83101
83103
83180
83231
83246
83299
83329
83342
83354
83359
83369
83411
83442
83454
83461
83487
83492
83493
83501
83506
83521
83543
83571
83576
83595
83607
83624
83639
83666
83674
83675
83678
83687
83692
83693
83694
83719
83755
83757
83761
83775
83781
83802
83804
83815
83849
83863
83877
83878
83890
83895
83929
83933
83935
83940
83941
83957
83969
83970
83981
83982
83985
83986
84001
84004
84017
84030
84031
84036
84060
84064
84065
84095
84099
84110
84122
84131
84150
84177
84196
84219
84224
84232
84240
84242
84265
84272
84276
84297
84298
84304
84306
84310
84315
84354
84397
84409
84414
84430
84442
84444
84476
84495
84510
84528
84531
84532
84541
84547
84553
84555
84562
84563
84583
84600
84602
84628
84640
84650
84651
84674
84685
84696
84728
84733
84738
84741
84754
84769
84775
84800
84804
84818
84824
84831
84832
84842
84844
84845
84848
84863
84870
84878
84901
84911
84916
84923
84933
84954
84991
85024
85025
85027
85054
85066
85081
85093
85099
85104
85105
85145
85178
85230
85255
85299
85300
85332
85335
85391
85412
85421
85429
85430
85435
85439
85441
85449
85465
85477
85481
85482
85486
85497
85498
85512
85514
85526
85533
85535
85538
85540
85548
85579
85580
85629
85644
85666
85670
85687
85694
85700
85705
85706
85716
85726
85728
85731
85741
85750
85763
85765
85768
85785
85797
85799
85858
85867
85880
85899
85902
85905
85927
85974
86010
86012
86021
86027
86031
86080
86120
86123
86158
86169
86171
86189
86190
86199
86222
86231
86245
86255
86257
86326
86405
86467
86488
86492
86516
86517
86527
86529
86546
86563
86566
86590
86594
86598
86613
86628
86630
86663
86664
86669
86695
86700
86714
86716
86722
86738
86756
86787
86802
86811
86840
86849
86865
86870
86875
86904
86919
86992
87024
87048
87050
87053
87067
87079
87082
87086
87095
87103
87129
87134
87155
87163
87210
87221
87225
87230
87255
87260
87261
87264
87267
87294
87315
87325
87327
87337
87374
87384
87386
87388
87393
87415
87433
87441
87468
87482
87490
87496
87499
87507
87515
87536
87550
87563
87576
87577
87584
87599
87614
87621
87629
87638
87650
87694
87707
87743
87746
87755
87766
87779
87781
87846
87847
87852
87854
87872
87886
87902
87904
87930
87932
87953
87959
87962
87995
87998
88006
88007
88033
88045
88046
88054
88059
88069
88082
88098
88105
88124
88145
88178
88179
88196
88208
88211
88213
88242
88255
88259
88277
88294
88310
88337
88338
88344
88357
88359
88363
88395
88405
88411
88461
88464
88472
88478
88494
88499
88505
88528
88536
88571
88596
88623
88633
88638
88639
88654
88661
88670
88679
88683
88688
88691
88702
88707
88709
88715
88741
88743
88745
88766
88779
88782
88784
88790
88798
88818
88828
88865
88866
88875
88883
88885
88897
88898
88913
88929
88946
88954
88987
88994
89001
89004
89013
89019
89027
89034
89036
89039
89078
89080
89109
89111
89118
89127
89152
89154
89191
89206
89218
89233
89247
89266
89271
89305
89308
89309
89311
89319
89341
89355
89359
89400
89402
89403
89409
89410
89417
89450
89464
89467
89478
89491
89494
89515
89576
89599
89609
89612
89621
89635
89646
89718
89724
89725
89745
89763
89765
89772
89787
89840
89852
89867
89869
89872
89928
89937
89995
89996
90024
90034
90045
90046
90077
90087
90114
90120
90144
90165
90171
90205
90211
90213
90225
90230
90245
90250
90274
90298
90300
90309
90323
90328
90349
90355
90366
90371
90373
90396
90399
90428
90433
90468
90474
90477
90478
90481
90498
90507
90509
90510
90518
90527
90548
90576
90586
90588
90606
90637
90670
90674
90684
90730
90740
90753
90757
90766
90777
90784
90813
90835
90869
90881
90896
90899
90908
90924
90930
90932
90933
90934
90936
90948
90950
90957
90960
90964
90965
91000
91032
91034
91056
91060
91062
91079
91127
91141
91159
91214
91220
91233
91243
91249
91256
91261
91269
91272
91275
91284
91293
91297
91307
91350
91353
91366
91376
91380
91399
91407
91442
91465
91474
91499
91502
91503
91531
91536
91550
91561
91563
91575
91585
91589
91605
91609
91623
91631
91660
91680
91692
91695
91699
91716
91717
91738
91753
91760
91805
91812
91838
91846
91852
91855
91869
91886
91893
91898
91900
91902
91916
91958
91960
91973
91975
91983
91995
91999
92002
92013
92015
92052
92058
92062
92072
92076
92080
92081
92141
92144
92145
92152
92160
92199
92249
92259
92267
92297
92301
92313
92318
92332
92391
92394
92408
92423
92436
92447
92464
92474
92483
92502
92510
92514
92529
92560
92570
92575
92577
92582
92589
92607
92613
92620
92631
92638
92642
92653
92676
92681
92682
92684
92686
92689
92712
92718
92727
92739
92741
92748
92751
92760
92767
92778
92789
92821
92886
92906
92915
92918
92931
92946
92959
92960
92985
92998
93003
93006
93028
93036
93047
93053
93060
93074
93085
93113
93115
93119
93203
93218
93221
93226
93239
93249
93251
93256
93264
93266
93267
93295
93308
93334
93357
93359
93362
93366
93375
93386
93391
93396
93409
93415
93419
93430
93435
93438
93451
93463
93476
93485
93504
93534
93543
93559
93569
93586
93599
93616
93624
93628
93642
93653
93658
93673
93681
93685
93686
93741
93746
93770
93774
93778
93780
93783
93810
93842
93870
93887
93892
93907
93909
93912
93918
93924
93926
93950
93957
93964
93967
93969
93983
93987
93996
93999
94000
94002
94026
94035
94053
94056
94059
94063
94066
94074
94077
94085
94093
94102
94160
94172
94200
94201
94223
94227
94246
94249
94253
94268
94272
94286
94296
94306
94329
94336
94351
94363
94376
94404
94405
94409
94414
94427
94449
94453
94457
94460
94475
94492
94500
94507
94543
94562
94595
94600
94603
94616
94618
94646
94658
94670
94674
94689
94693
94722
94732
94733
94734
94780
94798
94818
94832
94845
94855
94857
94874
94875
94885
94897
94912
94940
94956
94994
95001
95021
95024
95029
95034
95045
95067
95079
95091
95092
95104
95153
95168
95178
95187
95198
95202
95204
95214
95230
95242
95246
95257
95263
95292
95310
95313
95319
95362
95364
95386
95422
95433
95470
95506
95513
95521
95527
95529
95538
95539
95581
95594
95595
95614
95626
95639
95679
95697
95711
95714
95730
95736
95753
95755
95758
95763
95769
95777
95781
95791
95844
95877
95878
95879
95885
95886
95896
95903
95915
95934
95941
95942
95948
95983
96003
96017
96025
96059
96076
96083
96096
96106
96107
96119
96127
96142
96143
96167
96174
96201
96212
96214
96219
96249
96259
96282
96297
96306
96340
96357
96362
96384
96388
96391
96412
96429
96449
96457
96464
96474
96475
96499
96505
96506
96521
96529
96534
96544
96552
96553
96556
96572
96575
96624
96645
96655
96685
96687
96697
96721
96730
96746
96754
96783
96803
96814
96817
96824
96835
96836
96842
96855
96860
96889
96894
96913
96915
96920
96923
96936
96952
96963
96982
96999
97014
97032
97042
97082
97087
97100
97123
97144
97199
97208
97212
97239
97248
97249
97260
97271
97278
97288
97300
97310
97334
97343
97344
97351
97357
97363
97381
97388
97395
97427
97461
97464
97465
97471
97510
97522
97536
97543
97552
97577
97600
97605
97614
97647
97652
97663
97673
97683
97694
97710
97717
97721
97781
97786
97809
97812
97816
97819
97820
97833
97860
97864
97898
97906
97945
97955
97999
98002
98006
98010
98011
98034
98039
98054
98057
98076
98090
98109
98135
98162
98173
98189
98201
98215
98225
98231
98242
98249
98282
98314
98338
98345
98350
98355
98397
98411
98428
98433
98444
98467
98474
98485
98486
98492
98496
98502
98510
98516
98520
98523
98530
98534
98561
98575
98597
98602
98609
98616
98629
98651
98674
98685
98705
98706
98722
98733
98782
98802
98803
98804
98815
98827
98837
98851
98866
98875
98877
98888
98910
98922
98936
98938
98949
98950
98962
98964
98972
98993
99003
99033
99054
99057
99071
99083
99090
99103
99118
99173
99178
99194
99200
99204
99230
99256
99270
99306
99326
99346
99352
99354
99360
99361
99398
99399
99412
99428
99486
99504
99522
99529
99534
99577
99605
99608
99610
99629
99635
99636
99646
99653
99661
99698
99712
99715
99722
99726
99757
99764
99781
99792
99796
99809
99811
99824
99835
99837
99851
99866
99873
99883
99884
99917
99943
99959
99960
99985
99986
99989
99990
100036
100043
100044
100050
100063
100076
100078
100128
100147
100170
100176
100179
100181
100210
100217
100242
100259
100268
100269
100274
100277
100280
100285
100323
100339
100343
100347
100358
100363
100367
100373
100404
100405
100411
100434
100436
100453
100456
100457
100470
100505
100514
100530
100537
100539
100541
100579
100580
100587
100613
100638
100653
100662
100672
100683
100699
100704
100707
100711
100723
100726
100727
100733
100753
100773
100806
100807
100823
100841
100863
100864
100867
100870
100882
100899
100902
100903
100913
100923
100928
100937
100946
100947
100948
100958
100967
100987
101000
101007
101019
101025
101028
101037
101038
101044
101060
101080
101097
101099
101109
101122
101140
101151
101167
101168
101179
101187
101190
101202
101216
101224
101257
101259
101272
101274
101278
101303
101330
101331
101334
101339
101360
101408
101409
101431
101434
101476
101490
101493
101494
101502
101503
101515
101540
101546
101560
101561
101562
101572
101575
101580
101586
101606
101618
101630
101632
101634
101643
101648
101659
101682
101702
101714
101766
101776
101782
101799
101838
101849
101856
101875
101876
101882
101887
101907
101913
101914
101936
101937
101938
101962
101981
101983
102005
102027
102049
102054
102059
102065
102069
102071
102100
102158
102170
102202
102206
102208
102215
102243
102248
102264
102310
102338
102341
102343
102368
102380
102392
102397
102406
102412
102414
102434
102457
102466
102485
102488
102491
102499
102506
102517
102520
102534
102538
102555
102589
102592
102599
102610
102623
102640
102658
102669
102691
102702
102725
102726
102732
102734
102735
102741
102751
102758
102759
102781
102782
102786
102804
102825
102828
102844
102871
102875
102888
102896
102898
102921
102932
102943
102955
102958
102978
102983
102992
103001
103018
103034
103063
103072
103081
103124
103132
103136
103144
103148
103150
103161
103162
103165
103168
103187
103194
103199
103201
103214
103249
103265
103268
103283
103302
103342
103345
103381
103407
103437
103443
103446
103469
103483
103508
103512
103528
103530
103532
103538
103566
103581
103608
103611
103619
103623
103647
103659
103673
103683
103707
103754
103755
103758
103773
103814
103829
103832
103846
103858
103863
103865
103867
103868
103871
103910
103926
103927
103930
103932
103947
103976
103989
103999
104000
104002
104010
104014
104020
104081
104091
104092
104101
104119
104124
104143
104155
104171
104204
104210
104308
104313
104363
104376
104389
104410
104432
104446
104460
104465
104516
104518
104525
104526
104627
104649
104656
104676
104679
104685
104717
104734
104736
104745
104763
104779
104791
104806
104808
104846
104851
104860
104875
104891
104904
104914
104918
104923
104944
104959
104967
104979
104982
104993
105004
105010
105011
105018
105019
105021
105023
105044
105064
105081
105122
105133
105159
105173
105174
105198
105213
105221
105227
105251
105261
105265
105278
105334
105335
105347
105364
105382
105383
105406
105411
105426
105437
105449
105463
105483
105488
105515
105546
105554
105559
105569
105584
105600
105603
105619
105633
105634
105638
105660
105663
105666
105680
105705
105709
105728
105758
105787
105791
105797
105812
105841
105844
105872
105873
105878
105881
105913
105916
105931
105948
105954
105970
105976
105995
106000
106054
106060
106069
106086
106133
106180
106182
106183
106196
106204
106230
106241
106306
106375
106394
106395
106405
106413
106424
106428
106443
106463
106477
106494
106498
106503
106519
106526
106527
106542
106557
106558
106564
106589
106596
106600
106645
106654
106667
106669
106687
106689
106705
106710
106721
106740
106742
106750
106760
106767
106780
106828
106847
106866
106871
106876
106881
106887
106895
106901
106926
106927
106935
106951
106962
106970
106973
107022
107029
107034
107045
107050
107055
107060
107061
107085
107090
107098
107100
107120
107124
107137
107138
107141
107162
107186
107202
107220
107272
107277
107291
107297
107299
107321
107323
107356
107388
107401
107423
107434
107435
107456
107469
107500
107502
107535
107549
107556
107559
107562
107569
107572
107593
107595
107605
107609
107612
107635
107640
107647
107652
107667
107683
107752
107787
107795
107798
107818
107840
107870
107878
107888
107905
107915
107919
107923
107935
107944
107956
107959
107986
108015
108016
108026
108028
108037
108040
108042
108069
108071
108099
108116
108132
108137
108147
108185
108193
108213
108214
108224
108238
108244
108248
108253
108274
108281
108285
108292
108304
108319
108359
108362
108372
108384
108387
108391
108441
108444
108446
108511
108554
108557
108558
108559
108567
108568
108573
108589
108601
108602
108603
108614
108615
108657
108672
108723
108744
108758
108768
108783
108799
108805
108809
108825
108833
108890
108893
108898
108915
108923
108941
108959
108971
109008
109011
109012
109017
109023
109026
109045
109059
109089
109093
109101
109109
109133
109139
109169
109197
109204
109213
109231
109237
109245
109250
109260
109264
109281
109287
109305
109334
109343
109348
109353
109357
109360
109375
109378
109380
109387
109391
109437
109445
109455
109472
109491
109509
109542
109567
109570
109571
109572
109588
109591
109604
109628
109634
109643
109644
109648
109675
109678
109687
109697
109703
109708
109709
109718
109729
109742
109746
109759
109760
109775
109782
109786
109800
109813
109841
109877
109880
109906
109924
109932
109948
109954
109955
109959
109972
109981
109998
110022
110024
110030
110042
110052
110060
110093
110098
110107
110152
110160
110184
110187
110201
110202
110205
110216
110230
110239
110309
110313
110338
110345
110348
110374
110388
110394
110401
110407
110413
110428
110431
110449
110465
110507
110546
110595
110598
110610
110622
110623
110627
110637
110648
110650
110661
110684
110694
110696
110697
110706
110707
110710
110719
110737
110751
110752
110765
110771
110776
110789
110792
110794
110843
110853
110873
110890
110891
110899
110900
110904
110944
110947
110952
110956
110970
110978
110987
110989
110991
111003
111005
111012
111017
111034
111036
111051
111055
111059
111066
