56
60
95
113
116
128
139
145
151
161
169
174
215
219
225
258
277
279
299
316
328
334
399
436
437
442
446
452
457
478
479
500
519
568
571
617
648
685
687
699
747
790
795
818
841
849
856
858
882
899
900
906
921
940
947
964
975
1012
1032
1049
1058
1085
1105
1110
1126
1134
1141
1171
1176
1191
1206
1208
1243
1279
1306
1328
1354
1364
1380
1392
1395
1398
1408
1417
1464
1484
1517
1546
1560
1563
1569
1571
1584
1597
1636
1637
1667
1688
1710
1724
1727
1751
1772
1790
1833
1865
1866
1889
1891
1908
1919
1921
1930
1950
1952
1992
2010
2034
2057
2060
2078
2097
2101
2149
2170
2184
2203
2216
2230
2248
2259
2262
2286
2295
2303
2324
2328
2339
2362
2384
2387
2422
2430
2497
2508
2542
2545
2563
2578
2620
2633
2642
2656
2668
2686
2687
2692
2698
2714
2717
2727
2774
2775
2777
2778
2792
2795
2817
2826
2845
2880
2883
2901
2911
2934
2942
2978
3013
3032
3107
3111
3112
3135
3147
3163
3165
3168
3170
3189
3191
3197
3215
3258
3263
3265
3268
3279
3285
3287
3324
3342
3349
3361
3373
3413
3414
3473
3483
3511
3516
3526
3533
3553
3578
3597
3629
3630
3653
3654
3668
3701
3703
3711
3736
3775
3792
3807
3829
3839
3842
3843
3876
3905
3969
3974
3978
3988
4048
4078
4133
4201
4270
4287
4293
4316
4319
4324
4359
4377
4380
4498
4504
4539
4542
4564
4582
4583
4591
4604
4619
4624
4631
4637
4668
4674
4680
4708
4710
4719
4741
4744
4745
4754
4776
4781
4788
4793
4815
4825
4871
4891
4894
4950
4951
4960
4962
4993
4994
4999
5007
5009
5012
5015
5063
5126
5129
5141
5148
5163
5201
5220
5229
5230
5234
5237
5252
5268
5278
5292
5304
5305
5349
5361
5366
5398
5408
5413
5423
5447
5491
5497
5505
5531
5549
5611
5629
5666
5692
5721
5723
5727
5735
5757
5766
5778
5782
5811
5814
5822
5841
5867
5871
5889
5927
5941
5942
5949
5950
5961
5980
6005
6009
6016
6021
6044
6054
6099
6117
6127
6154
6176
6180
6183
6193
6210
6212
6233
6234
6247
6268
6321
6335
6360
6389
6410
6425
6447
6451
6459
6494
6496
6549
6558
6589
6604
6609
6635
6668
6684
6702
6706
6721
6741
6750
6756
6763
6782
6805
6814
6828
6833
6876
6892
6897
6920
6948
6972
6982
7003
7028
7054
7070
7071
7077
7093
7119
7147
7148
7189
7190
7201
7212
7263
7278
7305
7317
7359
7410
7417
7433
7454
7475
7479
7484
7504
7518
7526
7533
7554
7589
7593
7657
7731
7736
7747
7751
7815
7830
7834
7855
7905
7911
7912
7917
7957
7959
7972
7996
7998
8001
8030
8060
8076
8154
8176
8192
8219
8238
8248
8255
8282
8284
8298
8313
8322
8333
8350
8384
8401
8406
8418
8434
8447
8487
8488
8498
8499
8525
8537
8543
8584
8604
8626
8645
8649
8659
8663
8666
8706
8741
8749
8752
8774
8781
8792
8795
8825
8890
8897
8908
8937
8940
8944
8966
8969
8981
8990
9000
9038
9052
9071
9072
9086
9100
9114
9129
9157
9200
9205
9221
9225
9226
9228
9246
9256
9260
9271
9286
9305
9307
9311
9318
9323
9324
9334
9368
9370
9379
9401
9421
9425
9437
9440
9448
9457
9505
9521
9525
9551
9581
9622
9654
9656
9680
9695
9785
9793
9818
9831
9837
9842
9843
9844
9848
9854
9925
9934
9954
9959
9960
9966
9976
9993
9995
10011
10020
10021
10047
10050
10071
10076
10078
10102
10119
10120
10155
10171
10179
10190
10194
10201
10214
10228
10305
10309
10339
10341
10396
10442
10464
10487
10497
10508
10510
10535
10556
10562
10582
10584
10586
10647
10676
10681
10708
10710
10723
10730
10733
10741
10793
10804
10818
10832
10857
10862
10873
10896
10899
10909
10987
11018
11065
11086
11112
11123
11132
11153
11160
11176
11184
11234
11252
11262
11325
11332
11341
11345
11379
11421
11492
11504
11505
11527
11540
11623
11636
11643
11655
11659
11690
11727
11729
11733
11743
11753
11768
11783
11798
11841
11863
11879
11886
11890
11895
11912
11943
11947
11952
11960
11966
11977
11990
12025
12086
12096
12149
12153
12164
12166
12168
12218
12224
12270
12279
12283
12327
12334
12352
12408
12410
12417
12432
12472
12508
12522
12541
12550
12560
12586
12618
12623
12651
12652
12659
12667
12682
12720
12738
12763
12769
12777
12795
12813
12820
12843
12855
12885
12897
12908
12954
12960
12963
12984
13028
13029
13046
13048
13060
13083
13100
13104
13150
13162
13163
13166
13169
13180
13181
13244
13256
13288
13321
13334
13361
13399
13431
13434
13452
13510
13525
13547
13555
13566
13601
13631
13656
13668
13691
13708
13746
13765
13767
13781
13817
13831
13836
13848
13873
13894
13905
13912
13936
13952
13956
13975
13989
14017
14018
14021
14032
14043
14055
14059
14072
14092
14119
14131
14143
14169
14207
14223
14236
14245
14250
14295
14321
14337
14342
14360
14362
14363
14366
14372
14378
14385
14406
14417
14437
14438
14457
14460
14468
14470
14471
14496
14514
14517
14532
14553
14569
14575
14576
14581
14601
14646
14693
14712
14720
14744
14751
14753
14761
14781
14786
14789
14815
14828
14834
14835
14863
14885
14892
14903
14908
14919
14949
14951
14969
14994
15000
15004
15037
15051
15064
15098
15107
15133
15173
15190
15195
15245
15280
15285
15309
15320
15332
15343
15354
15361
15374
15449
15460
15497
15511
15540
15559
15574
15575
15589
15626
15640
15663
15666
15669
15680
15683
15692
15709
15711
15718
15763
15770
15791
15837
15860
15890
15898
15900
15902
15919
15925
15926
15937
15954
15959
15968
15971
15977
16002
16023
16051
16090
16100
16112
16173
16187
16203
16238
16255
16256
16260
16283
16289
16292
16340
16376
16389
16427
16443
16461
16510
16536
16552
16571
16574
16600
16617
16629
16669
16675
16734
16790
16792
16800
16811
16830
16853
16854
16862
16866
16874
16892
16896
16915
16978
16980
17016
17047
17092
17156
17170
17178
17179
17196
17212
17231
17236
17251
17269
17282
17346
17359
17373
17402
17446
17450
17461
17470
17494
17503
17517
17518
17520
17551
17590
17613
17625
17630
17679
17693
17696
17743
17745
17748
17767
17782
17792
17821
17867
17879
17882
17896
17904
17908
17918
17919
17937
17961
17967
17983
18014
18040
18047
18072
18080
18111
18118
18122
18125
18188
18191
18208
18209
18226
18228
18253
18275
18281
18282
18291
18327
18328
18336
18361
18383
18393
18429
18448
18469
18488
18508
18512
18518
18535
18537
18554
18561
18603
18632
18639
18645
18652
18655
18669
18696
18722
18739
18750
18751
18759
18761
18776
18790
18835
18858
18905
18917
18922
18925
18941
18952
18972
18997
19054
19060
19152
19159
19162
19166
19193
19209
19219
19226
19364
19378
19454
19475
19499
19574
19592
19598
19599
19613
19615
19620
19637
19654
19656
19661
19685
19690
19691
19693
19699
19740
19744
19760
19811
19856
19899
19920
19926
19931
19936
19956
19961
19970
20042
20044
20078
20106
20113
20121
20124
20136
20169
20178
20186
20197
20199
20245
20264
20268
20365
20412
20424
20472
20479
20496
20527
20570
20597
20607
20611
20618
20623
20631
20635
20637
20660
20670
20682
20712
20724
20762
20773
20794
20814
20839
20892
20933
20942
20958
20979
20994
20996
21005
21046
21052
21053
21093
21095
21104
21115
21128
21150
21215
21218
21226
21262
21302
21317
21332
21345
21361
21369
21373
21376
21407
21421
21440
21463
21469
21474
21554
21560
21576
21581
21597
21598
21602
21612
21640
21649
21732
21737
21792
21793
21800
21824
21832
21905
21915
21921
21993
22010
22025
22035
22067
22069
22132
22136
22144
22155
22160
22188
22197
22215
22220
22228
22245
22273
22294
22306
22357
22378
22415
22444
22466
22470
22476
22487
22494
22544
22553
22554
22643
22654
22703
22716
22732
22737
22740
22755
22785
22786
22834
22884
22890
22903
22914
22978
22982
22984
22989
22991
23006
23032
23075
23115
23125
23171
23176
23196
23236
23257
23259
23267
23283
23298
23299
23334
23357
23367
23371
23379
23400
23406
23410
23412
23413
23424
23431
23499
23529
23587
23601
23623
23647
23648
23653
23672
23686
23738
23755
23760
23770
23803
23836
23881
23897
23911
23927
23952
23958
23970
24021
24025
24042
24046
24103
24121
24138
24145
24184
24186
24195
24202
24209
24227
24234
24235
24240
24241
24257
24302
24315
24323
24359
24368
24376
24377
24380
24400
24407
24435
24470
24473
24485
24487
24490
24563
24630
24692
24697
24726
24738
24811
24822
24840
24851
24858
24871
24884
24888
24895
24897
24898
24960
24996
25027
25061
25070
25113
25116
25128
25131
25144
25155
25190
25205
25229
25239
25304
25313
25315
25319
25344
25384
25386
25394
25402
25430
25433
25445
25446
25458
25459
25468
25489
25500
25567
25577
25599
25616
25630
25636
25640
25652
25695
25697
25710
25729
25780
25792
25793
25836
25838
25890
25943
25953
25974
26041
26064
26071
26091
26100
26125
26150
26152
26203
26232
26276
26334
26365
26379
26384
26385
26389
26408
26438
26453
26483
26493
26552
26591
26618
26626
26640
26689
26725
26729
26738
26749
26765
26766
26821
26831
26842
26848
26855
26856
26876
26880
26900
26908
26920
26940
26945
26958
26964
26968
26995
27001
27016
27017
27020
27023
27084
27111
27130
27133
27134
27157
27170
27191
27205
27222
27240
27267
27315
27330
27360
27364
27388
27412
27420
27430
27436
27453
27477
27503
27537
27567
27575
27577
27580
27587
27595
27607
27617
27618
27619
27622
27655
27690
27731
27744
27756
27777
27805
27810
27817
27832
27844
27892
27936
27939
27980
27983
27986
28035
28036
28038
28040
28057
28081
28159
28170
28175
28187
28208
28229
28236
28237
28271
28280
28285
28299
28302
28310
28331
28335
28356
28378
28383
28402
28405
28418
28425
28434
28438
28484
28505
28507
28514
28534
28546
28574
28575
28615
28628
28692
28694
28699
28718
28724
28727
28740
28751
28764
28792
28802
28810
28825
28871
28901
28908
28943
28996
29093
29101
29115
29159
29164
29171
29173
29176
29211
29224
29278
29327
29340
29344
29354
29356
29407
29417
29460
29463
29482
29483
29503
29525
29528
29542
29593
29611
29621
29622
29627
29642
29647
29670
29709
29768
29777
29779
29782
29801
29839
29848
29867
30044
30047
30059
30072
30092
30148
30188
30212
30215
30258
30274
30297
30310
30315
30344
30375
30410
30419
30437
30463
30473
30497
30506
30520
30563
30605
30624
30656
30682
30698
30701
30705
30717
30728
30732
30735
30746
30749
30771
30785
30793
30840
30846
30868
30877
30952
30983
30992
30993
30999
31016
31041
31079
31089
31093
31105
31114
31150
31166
31175
31182
31183
31198
31210
31211
31237
31239
31254
31284
31318
31330
31382
31478
31481
31502
31514
31540
31551
31612
31634
31708
31713
31719
31793
31802
31817
31826
31844
31848
31849
31851
31874
31889
31893
31932
31972
32016
32017
32034
32100
32143
32148
32194
32246
32276
32282
32299
32309
32330
32331
32383
32403
32404
32408
32413
32433
32468
32477
32491
32493
32517
32530
32560
32626
32632
32634
32637
32657
32665
32684
32685
32727
32754
32767
32780
32789
32790
32817
32823
32846
32868
32876
32890
32909
32931
32966
32970
32987
32990
32999
33013
33018
33020
33038
33097
33099
33102
33125
33126
33129
33153
33161
33250
33265
33268
33288
33329
33331
33366
33370
33395
33399
33410
33412
33421
33427
33465
33480
33498
33513
33521
33523
33589
33596
33630
33658
33672
33704
33714
33734
33735
33746
33749
33761
33765
33768
33774
33780
33782
33788
33804
33814
33834
33854
33868
33881
33888
33898
33920
33935
33942
33947
33956
33973
33995
33997
34029
34030
34045
34050
34065
34071
34074
34093
34116
34137
34150
34154
34182
34205
34209
34212
34239
34260
34265
34268
34271
34286
34291
34307
34341
34367
34376
34419
34441
34477
34484
34492
34501
34510
34520
34530
34576
34607
34630
34631
34649
34651
34652
34667
34676
34720
34735
34774
34776
34826
34828
34850
34860
34885
34891
34904
34948
34949
34959
34963
34990
34991
34997
35015
35026
35049
35095
35112
35142
35166
35184
35187
35191
35203
35242
35259
35270
35285
35303
35304
35329
35354
35355
35356
35359
35369
35389
35402
35406
35472
35502
35504
35505
35512
35546
35548
35561
35569
35589
35599
35624
35645
35662
35689
35709
35740
35751
35808
35823
35827
35835
35879
35894
35911
35925
35930
35990
36047
36087
36102
36129
36135
36171
36177
36179
36205
36223
36227
36248
36273
36291
36314
36339
36369
36384
36411
36417
36420
36438
36443
36446
36449
36464
36466
36499
36534
36551
36589
36599
36654
36664
36684
36739
36745
36753
36761
36766
36773
36781
36785
36791
36814
36842
36866
36881
36889
36892
36943
36986
37004
37005
37014
37049
37085
37101
37103
37189
37212
37233
37255
37276
37297
37322
37334
37336
37359
37362
37364
37403
37465
37472
37498
37503
37512
37541
37561
37569
37576
37587
37602
37631
37653
37672
37693
37705
37734
37763
37773
37790
37824
37849
37865
37873
37887
37890
37931
37940
37941
37948
37949
37962
37980
37990
37999
38011
38026
38033
38116
38143
38165
38176
38185
38203
38221
38233
38243
38246
38269
38275
38356
38393
38415
38419
38420
38421
38444
38460
38481
38482
38485
38533
38537
38556
38560
38562
38566
38577
38585
38586
38596
38613
38615
38640
38651
38679
38692
38711
38712
38717
38720
38724
38727
38730
38745
38762
38805
38825
38851
38865
38866
38889
38898
38904
38910
38911
38927
38952
38964
38994
39013
39021
39028
39032
39049
39074
39076
39119
39126
39139
39141
39159
39190
39199
39210
39230
39280
39300
39306
39318
39346
39351
39394
39405
39518
39522
39526
39533
39551
39607
39628
39635
39646
39651
39685
39705
39710
39727
39778
39797
39800
39813
39827
39829
39834
39861
39882
39903
39912
39915
39925
39936
39947
39958
39970
39989
39994
39998
40041
40137
40158
40163
40173
40174
40200
40207
40237
40253
40265
40279
40293
40298
40309
40312
40321
40322
40360
40367
40386
40402
40423
40435
40450
40543
40562
40591
40612
40619
40631
40633
40668
40674
40725
40758
40773
40774
40786
40791
40795
40801
40814
40831
40838
40848
40850
40862
40889
40905
40907
40908
40931
40935
40958
40965
40984
40989
40993
41006
41021
41040
41072
41087
41098
41108
41129
41139
41147
41150
41152
41195
41197
41215
41250
41276
41288
41295
41309
41314
41327
41341
41372
41427
41450
41468
41477
41481
41490
41494
41501
41509
41527
41528
41530
41532
41560
41562
41604
41610
41611
41614
41619
41624
41625
41627
41649
41659
41700
41705
41715
41727
41758
41787
41793
41794
41807
41869
41872
41883
41884
41895
41912
41924
41946
41964
41977
41989
42000
42043
42072
42080
42084
42104
42144
42149
42159
42175
42184
42209
42211
42259
42271
42275
42297
42302
42336
42371
42428
42429
42436
42438
42454
42459
42470
42488
42498
42506
42517
42519
42537
42538
42557
42561
42653
42663
42666
42667
42677
42701
42731
42733
42735
42742
42768
42780
42782
42816
42836
42838
42841
42844
42849
42857
42897
42918
42940
42956
42962
42976
42985
42995
43002
43006
43016
43050
43053
43058
43068
43073
43075
43087
43098
43104
43112
43121
43160
43169
43178
43192
43217
43253
43280
43312
43346
43356
43358
43370
43371
43400
43410
43429
43458
43464
43466
43472
43484
43514
43548
43570
43583
43586
43598
43613
43632
43680
43684
43699
43707
43715
43739
43745
43751
43768
43785
43809
43811
43826
43827
43829
43832
43835
43841
43870
43878
43907
43911
43931
43975
43982
43984
43988
44006
44021
44022
44025
44028
44057
44058
44071
44081
44088
44110
44116
44117
44123
44134
44145
44149
44150
44169
44171
44203
44206
44214
44259
44264
44277
44290
44295
44323
44333
44335
44385
44404
44466
44470
44480
44501
44508
44515
44520
44532
44549
44606
44613
44636
44654
44667
44691
44695
44739
44754
44756
44773
44852
44873
44878
44880
44907
44917
44925
44934
44936
44939
44960
44964
44983
44986
44998
45000
45020
45044
45045
45058
45065
45117
45145
45149
45156
45165
45175
45181
45191
45194
45207
45215
45237
45241
45244
45311
45332
45356
45370
45371
45374
45401
45402
45409
45429
45467
45478
45486
45488
45495
45511
45513
45576
45603
45615
45620
45636
45638
45640
45645
45647
45653
45654
45660
45693
45703
45716
45724
45731
45739
45795
45821
45824
45832
45833
45834
45837
45869
45872
45879
45907
45948
45971
45978
46044
46054
46082
46098
46111
46149
46155
46158
46168
46186
46194
46196
46206
46223
46224
46244
46255
46259
46310
46328
46330
46350
46372
46390
46414
46420
46455
46467
46480
46494
46516
46518
46523
46528
46544
46564
46565
46569
46601
46622
46626
46654
46663
46666
46671
46672
46678
46684
46710
46720
46729
46768
46773
46808
46810
46811
46824
46844
46851
46862
46876
46877
46889
46902
46904
46919
46933
46934
46937
46938
46942
46964
46978
46988
46993
47001
47013
47016
47036
47078
47097
47109
47125
47166
47176
47184
47188
47229
47231
47232
47235
47246
47251
47253
47261
47272
47295
47307
47313
47315
47351
47355
47363
47364
47372
47382
47385
47389
47394
47405
47434
47450
47455
47481
47486
47504
47509
47516
47524
47529
47560
47564
47571
47574
47591
47617
47636
47640
47692
47698
47740
47767
47804
47818
47826
47839
47846
47861
47862
47891
47911
47935
47950
48009
48011
48018
48050
48077
48102
48111
48120
48138
48144
48145
48153
48158
48168
48203
48236
48271
48277
48288
48289
48295
48312
48355
48360
48364
48371
48376
48378
48390
48416
48433
48451
48474
48476
48485
48488
48501
48507
48511
48513
48520
48562
48586
48603
48623
48655
48656
48674
48692
48693
48716
48735
48802
48804
48806
48887
48892
48895
48898
48908
48912
48929
48932
48934
48955
48967
48972
48982
48991
49020
49029
49044
49061
49072
49073
49076
49080
49096
49104
49108
49112
49116
49120
49134
49140
49145
49162
49191
49193
49201
49202
49215
49225
49243
49246
49249
49310
49358
49423
49469
49493
49513
49516
49519
49532
49542
49549
49550
49557
49596
49599
49602
49626
49629
49668
49674
49681
49689
49699
49720
49751
49778
49788
49802
49822
49867
49879
49890
49902
49909
49917
49947
49953
49959
49969
49997
49999
50009
50036
50109
50115
50133
50149
50169
50177
50190
50203
50209
50213
50222
50238
50246
50252
50298
50319
50340
50357
50443
50454
50474
50494
50508
50575
50581
50585
50600
50626
50668
50686
50695
50723
50734
50748
50755
50838
50847
50856
50868
50871
50900
50954
50979
50993
51001
51014
51064
51074
51102
51110
51113
51150
51157
51171
51186
51241
51249
51252
51257
51269
51289
51298
51313
51326
51339
51373
51394
51415
51421
51426
51447
51477
51489
51509
51522
51546
51557
51573
51574
51580
51587
51588
51590
51599
51603
51626
51649
51655
51656
51666
51670
51685
51690
51714
51746
51759
51761
51763
51767
51776
51778
51817
51854
51856
51861
51868
51887
51901
51926
51929
51944
51948
51955
51969
51989
51991
51994
52001
52017
52030
52048
52056
52059
52080
52081
52083
52087
52116
52136
52228
52276
52278
52282
52285
52298
52307
52352
52360
52365
52375
52377
52399
52434
52444
52466
52490
52491
52495
52524
52525
52574
52575
52590
52603
52639
52640
52643
52691
52700
52710
52725
52754
52755
52756
52758
52765
52767
52774
52778
52815
52821
52824
52831
52838
52845
52893
52921
52950
52958
52962
52990
52999
53017
53018
53027
53033
53050
53062
53065
53085
53087
53090
53099
53103
53109
53137
53144
53160
53182
53198
53202
53215
53217
53230
53246
53248
53262
53285
53322
53333
53363
53426
53440
53483
53490
53493
53502
53508
53543
53580
53598
53629
53662
53669
53693
53695
53718
53744
53747
53755
53766
53777
53781
53812
53826
53882
53905
53921
53929
53943
53953
53955
53967
53974
53975
54009
54017
54050
54070
54087
54098
54105
54124
54132
54164
54198
54201
54240
54267
54270
54302
54311
54355
54356
54357
54368
54376
54420
54446
54463
54467
54473
54486
54509
54522
54581
54590
54615
54635
54645
54646
54668
54673
54702
54704
54721
54728
54729
54744
54768
54791
54825
54826
54831
54833
54854
54861
54872
54876
54911
54926
54927
54930
54936
54945
54950
54971
54993
55002
55008
55064
55089
55093
55098
55101
55116
55120
55154
55163
55179
55197
55199
55200
55217
55223
55225
55226
55241
55265
55269
55278
55289
55294
55342
55343
55353
55372
55394
55398
55399
55404
55434
55436
55438
55444
55481
55494
55526
55553
55565
55658
55691
55704
55725
55746
55768
55791
55840
55851
55854
55890
55930
55954
55967
55973
56019
56024
56032
56060
56124
56147
56185
56194
56224
56260
56262
56274
56291
56304
56328
56354
56379
56387
56429
56432
56446
56448
56463
56476
56492
56500
56501
56531
56555
56577
56610
56618
56627
56645
56666
56668
56672
56673
56689
56697
56706
56718
56720
56736
56743
56753
56787
56809
56817
56826
56827
56835
56836
56838
56847
56855
56881
56891
56938
56950
56964
56967
56992
57000
57012
57016
57066
57070
57076
57101
57108
57115
57141
57185
57194
57202
57236
57239
57242
57259
57282
57290
57341
57348
57349
57350
57367
57372
57375
57400
57414
57416
57417
57419
57426
57457
57464
57491
57517
57520
57523
57531
57553
57557
57583
57600
57608
57611
57629
57640
57675
57687
57700
57717
57737
57752
57766
57775
57790
57817
57864
57919
57923
57931
57940
57944
57950
57959
57978
57996
58021
58032
58053
58063
58085
58107
58125
58128
58138
58144
58172
58214
58225
58230
58242
58250
58270
58283
58293
58315
58336
58347
58363
58385
58406
58427
58434
58452
58454
58466
58472
58481
58492
58494
58500
58504
58543
58552
58560
58577
58581
58582
58605
58609
58618
58645
58646
58648
58655
58662
58696
58697
58732
58733
58743
58769
58781
58789
58797
58810
58811
58827
58834
58846
58855
58902
58934
58940
58967
58970
58972
58986
58990
58995
58998
59011
59015
59043
59046
59069
59082
59105
59115
59117
59162
59178
59182
59195
59207
59242
59250
59269
59270
59315
59350
59359
59365
59366
59376
59379
59384
59392
59395
59401
59402
59406
59451
59469
59472
59475
59492
59510
59518
59532
59538
59562
59578
59581
59608
59614
59626
59636
59676
59702
59723
59760
59765
59797
59817
59856
59857
59868
59871
59874
59909
59942
59949
59992
59994
59996
60004
60008
60032
60034
60060
60094
60116
60144
60148
60150
60167
60180
60193
60206
60217
60221
60243
60254
60321
60328
60393
60396
60399
60412
60418
60443
60447
60493
60526
60535
60541
60545
60553
60572
60574
60584
60614
60677
60690
60709
60728
60764
60766
60769
60780
60793
60799
60808
60837
60847
60863
60870
60886
60890
60901
60907
60908
60915
60929
60933
60948
60952
60964
60981
60996
61014
61030
61036
61037
61048
61063
61071
61078
61090
61105
61132
61137
61155
61174
61178
61187
61209
61217
61220
61232
61235
61247
61251
61261
61267
61321
61351
61355
61372
61393
61412
61445
61448
61461
61476
61478
61479
61485
61494
61508
61521
61522
61536
61543
61570
61593
61605
61611
61640
61675
61677
61751
61758
61759
61813
61840
61847
61850
61851
61860
61862
61866
61875
61881
61895
61922
61940
61967
61970
61987
62007
62020
62023
62042
62060
62076
62087
62101
62133
62151
62166
62167
62228
62253
62265
62294
62297
62308
62355
62379
62383
62439
62460
62466
62468
62471
62501
62518
62550
62555
62558
62566
62582
62589
62590
62592
62610
62617
62620
62677
62692
62693
62697
62701
62714
62759
62771
62784
62798
62806
62819
62856
62859
62861
62870
62879
62910
62914
62942
62967
62973
63007
63011
63024
63037
63039
63044
63048
63061
63063
63080
63091
63092
63109
63122
63126
63127
63242
63274
63322
63324
63369
63379
63405
63412
63426
63435
63447
63457
63466
63474
63483
63497
63513
63533
63535
63545
63592
63645
63656
63658
63707
63711
63717
63736
63748
63749
63758
63770
63795
63844
63854
63858
63870
63895
63898
63930
63952
63965
63967
63970
63983
63985
63998
64004
64027
64049
64056
64057
64084
64096
64103
64132
64138
64140
64157
64229
64242
64247
64248
64253
64260
64278
64303
64307
64331
64353
64360
64367
64377
64386
64403
64406
64413
64421
64426
64433
64439
64441
64443
64464
64498
64508
64523
64535
64574
64584
64615
64658
64706
64726
64730
64759
64778
64819
64820
64823
64830
64863
64868
64874
64889
64891
64892
64924
64942
64946
65001
65054
65059
65076
65106
65121
65142
65146
65156
65203
65218
65248
65267
65274
65301
65312
65368
65384
65389
65429
65433
65439
65455
65473
65488
65494
65503
65527
65530
65532
65537
65547
65548
65557
65575
65596
65603
65615
65632
65649
65661
65683
65694
65701
65713
65730
65733
65767
65772
65776
65781
65783
65786
65833
65862
65864
65896
65898
65906
65907
65909
65913
65922
65925
65945
65948
65951
65958
65989
65996
65997
66023
66025
66031
66034
66037
66043
66060
66061
66066
66092
66096
66099
66106
66107
66108
66182
66200
66205
66213
66217
66241
66247
66248
66267
66314
66340
66358
66370
66423
66430
66440
66442
66455
66496
66506
66532
66536
66557
66597
66635
66687
66691
66693
66695
66713
66723
66796
66830
66833
66834
66838
66842
66856
66895
66907
66942
66970
66976
66982
66993
67062
67065
67070
67078
67090
67100
67106
67135
67157
67193
67195
67199
67233
67248
67251
67305
67310
67363
67373
67381
67417
67435
67458
67475
67481
67496
67521
67543
67557
67586
67598
67604
67610
67626
67657
67676
67685
67687
67693
67695
67707
67727
67735
67753
67772
67783
67790
67806
67829
67860
67866
67868
67922
67928
67930
67939
67940
67946
67956
67958
67988
67990
68009
68011
68036
68037
68038
68118
68121
68126
68135
68169
68172
68179
68187
68197
68201
68211
68221
68240
68244
68251
68265
68305
68344
68360
68366
68379
68396
68419
68439
68458
68518
68550
68574
68578
68579
68589
68658
68659
68684
68688
68690
68717
68749
68782
68792
68802
68824
68844
68848
68902
68917
68930
68932
68936
68942
68952
68963
68974
69070
69076
69085
69094
69099
69121
69133
69171
69181
69196
69222
69226
69235
69243
69271
69323
69346
69359
69368
69406
69423
69428
69455
69458
69465
69483
69484
69485
69520
69530
69536
69541
69558
69579
69583
69587
69605
69621
69625
69672
69683
69686
69708
69729
69740
69781
69802
69811
69829
69839
69881
69907
69908
69926
69927
69932
69934
69954
70005
70007
70017
70066
70083
70091
70114
70140
70148
70167
70179
70206
70216
70221
70224
70237
70243
70245
70246
70256
70296
70306
70375
70378
70389
70423
70435
70444
70466
70486
70489
70505
70538
70541
70560
70564
70583
70588
70592
70600
70607
70619
70634
70650
70651
70697
70725
70738
70768
70776
70811
70855
70865
70872
70884
70940
70958
70978
70979
70998
71002
71004
71011
71056
71073
71086
71099
71113
71116
71129
71152
71155
71173
71194
71195
71202
71209
71216
71224
71233
71236
71249
71250
71258
71263
71284
71306
71331
71402
71405
71413
71438
71448
71465
71466
71478
71492
71494
71517
71519
71531
71534
71539
71556
71565
71578
71590
71645
71648
71666
71684
71712
71713
71756
71774
71799
71801
71833
71846
71866
71868
71908
71915
71929
71969
71978
71988
72011
72025
72030
72147
72167
72188
72191
72193
72209
72252
72254
72296
72299
72330
72338
72343
72349
72353
72354
72360
72393
72404
72415
72489
72491
72494
72507
72536
72540
72543
72547
72548
72565
72587
72599
72626
72639
72676
72716
72724
72728
72742
72764
72775
72777
72785
72819
72826
72846
72866
72868
72883
72914
72917
72924
72929
72933
73012
73015
73033
73051
73052
73074
73076
73094
73099
73113
73131
73201
73263
73265
73322
73324
73364
73365
73374
73382
73418
73431
73454
73504
73507
73555
73574
73578
73590
73591
73594
73597
73630
73687
73691
73700
73703
73732
73733
73816
73842
73844
73850
73885
73887
73896
73902
73907
73917
73922
73923
73955
73968
73990
74010
74018
74021
74023
74029
74047
74056
74066
74067
74090
74094
74099
74138
74143
74156
74177
74179
74192
74222
74223
74232
74250
74262
74274
74281
74327
74363
74374
74375
74409
74411
74456
74484
74490
74553
74554
74560
74578
74580
74588
74600
74610
74617
74626
74648
74654
74679
74742
74751
74758
74792
74814
74834
74841
74861
74868
74882
74891
74896
74900
74922
74934
74945
74952
74972
74986
75013
75033
75037
75099
75166
75197
75201
75218
75232
75261
75268
75275
75285
75333
75339
75370
75383
75395
75408
75418
75433
75434
75458
75460
75462
75469
75496
75508
75526
75535
75537
75539
75542
75543
75559
75569
75575
75602
75613
75616
75618
75622
75628
75638
75713
75714
75716
75754
75760
75789
75824
75828
75837
75858
75866
75888
75898
75899
75916
75924
75946
75947
75998
76003
76024
76025
76050
76055
76069
76134
76154
76174
76175
76177
76189
76199
76204
76206
76218
76234
76262
76276
76292
76357
76391
76440
76509
76524
76530
76532
76539
76543
76574
76583
76606
76609
76610
76619
76646
76669
76672
76674
76690
76694
76719
76729
76731
76747
76786
76808
76812
76816
76827
76831
76841
76845
76849
76865
76875
76891
76903
76923
76942
76968
76969
77001
77002
77005
77021
77035
77048
77071
77078
77111
77120
77136
77142
77168
77179
77184
77203
77209
77213
77216
77227
77243
77248
77265
77274
77292
77305
77310
77316
77340
77342
77364
77377
77392
77402
77420
77431
77434
77437
77446
77461
77498
77499
77500
77506
77515
77523
77528
77533
77567
77599
77602
77605
77634
77637
77638
77653
77680
77688
77691
77699
77703
77761
77765
77778
77781
77831
77849
77850
77907
77908
77932
77946
77962
77967
77976
78015
78047
78070
78131
78164
78197
78204
78209
78221
78258
78287
78294
78295
78316
78361
78363
78378
78387
78425
78428
78432
78443
78464
78500
78501
78516
78596
78598
78628
78635
78639
78642
78654
78666
78678
78682
78696
78807
78843
78846
78912
78913
78928
78944
78948
78970
78981
78990
79019
79022
79026
79036
79070
79078
79081
79107
79119
79180
79209
79260
79265
79273
79278
79307
79327
79344
79372
79375
79383
79412
79444
79453
79461
79486
79499
79509
79521
79525
79528
79551
79557
79571
79609
79619
79636
79638
79649
79651
79669
79674
79678
79696
79699
79709
79716
79720
79722
79724
79746
79769
79781
79872
79877
79880
79881
79884
79889
79890
79923
79941
79957
79963
79976
79983
80027
80059
80060
80076
80080
80081
80111
80129
80180
80195
80200
80216
80220
80221
80224
80286
80294
80306
80308
80332
80408
80413
80416
80426
80448
80465
80479
80483
80517
80542
80555
80564
80570
80574
80582
80589
80593
80595
80638
80675
80681
80691
80692
80698
80721
80723
80739
80778
80828
80852
80853
80855
80859
80866
80918
80939
80955
80963
80969
80979
81001
81020
81053
81075
81086
81104
81107
81206
81228
81234
81244
81247
81254
81262
81287
81303
81348
81349
81350
81367
81374
81385
81392
81407
81410
81414
81418
81420
81452
81466
81496
81498
81513
81534
81589
81596
81605
81610
81613
81640
81649
81666
81667
81715
81716
81733
81742
81753
81769
81794
81805
81826
81834
81839
81865
81868
81886
81889
81907
81909
81920
81923
81926
81940
81947
81971
81991
81997
81999
82103
82136
82148
82178
82187
82203
82214
82237
82254
82257
82261
82265
82266
82338
82342
82350
82352
82355
82359
82364
82396
82413
82421
82441
82446
82448
82457
82496
82506
82521
82542
82567
82586
82629
82630
82638
82690
82695
82706
82723
82724
82752
82771
82810
82814
82850
82859
82868
82879
82893
82894
82969
82973
82975
83003
83011
83043
83060
83065
83084
83099
83100
83113
83129
83147
83148
83151
83164
83188
83191
83204
83205
83221
83244
83245
83253
83254
83255
83262
83268
83269
83293
83295
83318
83319
83409
83412
83416
83427
83437
83472
83519
83520
83525
83538
83544
83546
83549
83558
83565
83580
83594
83599
83613
83614
83627
83657
83658
83659
83676
83697
83701
83702
83713
83715
83721
83749
83763
83787
83812
83824
83834
83836
83846
83853
83858
83860
83876
83888
83899
83915
83923
83930
83964
83973
83988
83992
83999
84002
84023
84025
84048
84053
84134
84137
84146
84164
84167
84173
84179
84194
84195
84204
84206
84245
84249
84250
84317
84327
84332
84342
84383
84399
84434
84443
84449
84450
84460
84461
84482
84521
84522
84523
84574
84591
84639
84654
84711
84753
84766
84836
84846
84850
84885
84912
84934
84946
84951
84972
84983
84990
85028
85061
85110
85154
85173
85181
85188
85190
85201
85206
85213
85214
85225
85231
85241
85252
85262
85264
85294
85305
85318
85326
85331
85346
85347
85356
85362
85371
85380
85383
85390
85392
85398
85413
85417
85418
85444
85508
85544
85549
85558
85582
85588
85604
85612
85627
85645
85647
85650
85688
85722
85734
85746
85770
85779
85811
85820
85826
85838
85842
85887
85892
85906
85918
85921
85961
85966
85975
85980
85991
85993
86000
86013
86024
86028
86072
86078
86096
86099
86114
86115
86149
86188
86195
86208
86214
86217
86224
86234
86248
86251
86259
86286
86300
86337
86339
86366
86397
86398
86415
86438
86457
86468
86476
86490
86515
86537
86572
86573
86581
86600
86603
86624
86662
86674
86679
86686
86718
86719
86725
86742
86753
86783
86789
86795
86807
86822
86851
86860
86891
86892
86893
86915
86956
86976
86978
86984
87025
87042
87055
87072
87084
87105
87108
87112
87142
87145
87149
87150
87152
87175
87199
87201
87223
87271
87287
87292
87330
87333
87347
87361
87370
87375
87379
87408
87409
87423
87428
87435
87477
87487
87505
87511
87530
87545
87553
87559
87566
87568
87580
87606
87642
87666
87667
87668
87684
87698
87765
87786
87795
87825
87864
87873
87889
87939
87944
87955
87978
87986
87990
88002
88012
88043
88050
88055
88068
88086
88092
88106
88125
88165
88187
88190
88205
88212
88247
88248
88279
88281
88288
88291
88326
88392
88407
88408
88445
88455
88465
88474
88483
88510
88516
88539
88552
88558
88564
88575
88585
88598
88606
88611
88650
88668
88687
88690
88698
88722
88738
88747
88765
88778
88783
88788
88808
88809
88815
88824
88826
88829
88834
88860
88861
88864
88868
88901
88922
88942
88943
89012
89017
89028
89057
89058
89064
89083
89097
89110
89126
89132
89184
89193
89195
89199
89207
89224
89230
89231
89291
89295
89331
89334
89337
89362
89389
89407
89419
89424
89444
89548
89559
89611
89613
89620
89669
89682
89692
89694
89705
89707
89731
89754
89788
89802
89806
89818
89839
89850
89851
89853
89883
89886
89921
89922
89936
89957
89960
90012
90036
90037
90055
90056
90060
90063
90086
90105
90121
90127
90143
90146
90157
90168
90169
90214
90233
90251
90252
90253
90260
90265
90301
90303
90319
90325
90339
90340
90401
90506
90533
90534
90551
90553
90573
90582
90587
90610
90612
90613
90645
90675
90695
90712
90714
90735
90767
90785
90789
90804
90818
90838
90845
90866
90941
90972
90981
90991
91017
91018
91019
91020
91057
91110
91136
91138
91139
91147
91178
91186
91201
91235
91298
91324
91326
91327
91378
91382
91401
91402
91416
91460
91500
91517
91521
91530
91537
91542
91552
91602
91614
91636
91638
91674
91676
91679
91701
91723
91780
91799
91824
91848
91859
91870
91921
91951
92001
92012
92024
92028
92039
92059
92060
92069
92074
92084
92088
92099
92110
92169
92193
92203
92239
92244
92290
92292
92308
92335
92347
92348
92387
92396
92400
92406
92414
92426
92451
92470
92475
92527
92532
92542
92564
92565
92585
92603
92615
92622
92636
92659
92680
92691
92697
92711
92715
92730
92772
92783
92787
92794
92807
92824
92857
92864
92878
92894
92921
92951
92957
92976
92991
92996
93011
93027
93037
93050
93102
93104
93120
93121
93131
93147
93156
93160
93174
93177
93193
93206
93220
93233
93273
93297
93321
93371
93384
93392
93393
93413
93439
93444
93465
93539
93576
93643
93661
93688
93707
93743
93757
93763
93768
93801
93805
93807
93808
93830
93847
93879
93889
93898
93900
93915
93943
93947
93959
93960
93979
93990
94024
94062
94092
94128
94146
94147
94170
94180
94202
94203
94209
94228
94235
94239
94262
94326
94369
94381
94394
94421
94441
94448
94458
94518
94528
94533
94550
94566
94593
94597
94615
94622
94662
94678
94691
94697
94827
94859
94861
94931
94942
94946
94979
94982
94995
94996
95003
95007
95023
95035
95043
95050
95053
95054
95060
95075
95094
95102
95181
95196
95239
95241
95247
95266
95272
95281
95360
95365
95375
95379
95396
95397
95401
95406
95427
95439
95471
95475
95485
95486
95489
95491
95498
95500
95512
95522
95602
95641
95643
95651
95652
95678
95698
95727
95790
95801
95820
95829
95839
95852
95905
95907
95910
95918
95922
95931
95940
95953
95955
95956
95971
95978
95984
95989
95993
95997
95999
96040
96056
96070
96090
96110
96122
96133
96134
96166
96172
96182
96191
96196
96206
96210
96215
96220
96225
96238
96242
96247
96260
96270
96273
96316
96319
96342
96359
96361
96365
96386
96402
96409
96414
96431
96441
96480
96524
96536
96554
96560
96574
96578
96584
96588
96594
96603
96614
96634
96661
96672
96674
96684
96688
96699
96702
96753
96778
96780
96798
96816
96822
96827
96890
96898
96909
96910
96921
96976
96984
96994
96995
96998
97008
97034
97057
97058
97073
97081
97109
97129
97138
97149
97163
97186
97234
97252
97269
97270
97290
97307
97313
97333
97345
97348
97365
97375
97378
97393
97396
97416
97421
97456
97467
97481
97489
97490
97503
97507
97550
97554
97579
97593
97599
97619
97666
97671
97672
97685
97722
97737
97742
97746
97747
97751
97778
97814
97815
97865
97868
97899
97907
97913
97919
97936
97966
97970
97978
97990
98007
98027
98046
98074
98080
98091
98093
98114
98130
98132
98137
98149
98150
98182
98187
98198
98204
98210
98223
98233
98236
98244
98253
98276
98284
98293
98310
98318
98326
98332
98337
98340
98359
98363
98378
98395
98400
98403
98413
98415
98416
98437
98487
98505
98509
98514
98532
98571
98630
98631
98637
98639
98655
98660
98664
98682
98687
98691
98696
98715
98719
98729
98730
98735
98741
98746
98767
98774
98780
98783
98785
98791
98792
98800
98814
98850
98870
98899
98918
98947
98954
98960
98976
98997
99009
99022
99024
99030
99035
99040
99049
99067
99086
99143
99147
99157
99164
99191
99201
99209
99223
99232
99241
99267
99278
99286
99300
99312
99317
99344
99370
99372
99376
99390
99393
99394
99406
99408
99433
99438
99446
99462
99478
99490
99496
99502
99510
99515
99519
99523
99528
99536
99544
99550
99565
99570
99579
99582
99583
99585
99591
99637
99640
99649
99671
99690
99692
99695
99713
99718
99720
99775
99812
99817
99833
99865
99867
99882
99891
99903
99931
99933
99939
99942
99947
99963
99977
99992
100016
100022
100051
100064
100075
100079
100085
100093
100126
100130
100140
100141
100149
100185
100209
100212
100220
100244
100271
100272
100275
100279
100283
100294
100297
100316
100320
100340
100350
100355
100384
100408
100423
100446
100454
100459
100464
100483
100491
100503
100548
100557
100576
100603
100644
100679
100684
100741
100747
100763
100768
100826
100846
100888
100889
100897
100906
100908
100910
100911
100924
100941
100956
100972
100973
100983
100989
100990
100995
100996
101030
101036
101105
101113
101127
101178
101184
101191
101220
101226
101229
101240
101242
101292
101302
101354
101362
101370
101372
101411
101426
101451
101460
101468
101488
101511
101525
101530
101533
101537
101556
101578
101612
101675
101676
101686
101712
101753
101760
101772
101811
101814
101834
101839
101847
101853
101857
101861
101867
101885
101895
101903
101929
101942
101950
101975
101982
102018
102024
102043
102067
102068
102086
102090
102110
102136
102192
102209
102218
102219
102223
102255
102299
102311
102329
102330
102336
102345
102361
102365
102367
102382
102415
102425
102433
102436
102448
102455
102487
102493
102521
102540
102547
102556
102581
102590
102614
102628
102632
102633
102637
102663
102672
102711
102717
102720
102731
102742
102765
102773
102790
102799
102848
102860
102877
102878
102900
102923
102929
102967
102969
102998
103006
103013
103031
103048
103054
103064
103065
103068
103074
103186
103193
103257
103291
103303
103310
103340
103374
103387
103396
103430
103434
103451
103458
103484
103515
103545
103560
103562
103563
103571
103588
103610
103627
103632
103642
103660
103679
103704
103730
103747
103778
103780
103787
103794
103795
103796
103800
103842
103857
103876
103879
103880
103936
103939
103962
103970
103979
104004
104028
104030
104038
104057
104062
104078
104082
104104
104115
104151
104183
104191
104218
104230
104245
104274
104309
104336
104343
104345
104346
104351
104365
104369
104454
104470
104476
104517
104534
104541
104564
104565
104575
104584
104601
104606
104607
104646
104659
104665
104669
104683
104706
104711
104719
104725
104781
104810
104834
104850
104867
104885
104906
104919
104926
104985
104986
104991
104998
105035
105040
105048
105049
105058
105063
105074
105094
105101
105107
105113
105123
105135
105140
105144
105145
105156
105163
105168
105252
105259
105273
105295
105305
105307
105343
105344
105380
105396
105400
105404
105409
105429
105453
105471
105478
105506
105518
105524
105525
105561
105583
105586
105591
105621
105629
105644
105652
105665
105687
105698
105701
105712
105737
105743
105775
105799
105828
105847
105866
105867
105889
105911
105915
105917
105929
105930
105936
105983
105987
106004
106008
106016
106079
106084
106110
106111
106112
106124
106149
106179
106217
106219
106229
106249
106250
106270
106273
106298
106299
106311
106315
106316
106317
106327
106338
106346
106356
106396
106478
106522
106536
106584
106585
106586
106591
106605
106608
106652
106685
106732
106743
106747
106779
106806
106821
106822
106823
106824
106833
106861
106875
106882
106883
106889
106892
106903
106907
106908
106924
106940
106945
106958
106982
106994
107009
107056
107065
107102
107115
107127
107152
107181
107198
107226
107233
107242
107261
107284
107287
107296
107304
107314
107324
107327
107348
107384
107409
107418
107468
107471
107477
107490
107515
107603
107611
107620
107629
107642
107648
107731
107740
107754
107768
107786
107816
107829
107837
107859
107874
107881
107907
107911
107927
107945
107957
107958
107977
108007
108061
108096
108111
108113
108148
108149
108158
108174
108175
108194
108196
108225
108231
108233
108241
108259
108265
108299
108310
108349
108352
108382
108395
108399
108401
108423
108445
108453
108459
108463
108472
108534
108545
108551
108579
108598
108605
108619
108623
108635
108680
108681
108687
108688
108695
108702
108706
108715
108732
108775
108802
108817
108842
108855
108873
108874
108885
108888
108910
108953
108958
108961
108980
108981
108997
108999
109013
109027
109040
109054
109078
109092
109104
109119
109128
109150
109156
109187
109202
109215
109227
109229
109251
109268
109269
109272
109276
109295
109303
109317
109318
109345
109346
109364
109366
109368
109373
109397
109399
109470
109492
109496
109508
109530
109534
109552
109586
109605
109618
109625
109627
109633
109640
109641
109646
109647
109661
109679
109700
109701
109704
109725
109737
109745
109750
109762
109781
109788
109792
109821
109827
109830
109832
109839
109850
109853
109859
109878
109899
109901
109908
109961
109964
109987
109992
110026
110032
110077
110082
110109
110110
110126
110145
110158
110196
110209
110221
110224
110227
110236
110241
110245
110248
110264
110266
110288
110303
110305
110312
110330
110360
110384
110396
110423
110434
110440
110472
110496
110500
110520
110540
110561
110568
110569
110576
110625
110636
110639
110659
110660
110670
110678
110682
110686
110687
110711
110741
110761
110790
110809
110825
110838
110878
110884
110912
110996
111040
111060
