22
75
103
104
148
166
168
181
186
237
275
315
321
324
341
347
389
435
468
469
473
501
503
570
573
577
622
641
658
664
676
678
708
715
738
742
754
762
764
773
806
809
811
815
820
840
902
913
928
961
983
992
997
1033
1054
1070
1127
1133
1177
1209
1211
1217
1230
1233
1270
1275
1290
1291
1305
1337
1416
1447
1458
1472
1499
1504
1510
1534
1545
1595
1641
1652
1728
1735
1737
1740
1760
1814
1832
1902
1931
1968
1981
2042
2049
2050
2137
2198
2206
2212
2227
2238
2255
2264
2269
2297
2298
2332
2354
2396
2425
2435
2442
2459
2495
2518
2616
2618
2719
2721
2739
2767
2788
2814
2820
2985
2997
2998
3001
3019
3028
3058
3086
3108
3152
3155
3178
3180
3198
3223
3238
3243
3252
3257
3286
3300
3352
3375
3378
3388
3412
3443
3445
3471
3484
3488
3599
3635
3698
3740
3748
3751
3752
3757
3760
3764
3773
3808
3825
3833
3849
3871
3873
3878
3898
3918
3935
4017
4020
4035
4040
4046
4054
4086
4124
4135
4144
4158
4178
4180
4191
4202
4204
4219
4221
4234
4250
4344
4362
4393
4429
4448
4452
4469
4480
4488
4511
4518
4578
4595
4607
4611
4630
4642
4645
4650
4662
4672
4675
4688
4720
4735
4762
4774
4777
4816
4907
4956
5017
5064
5092
5122
5153
5168
5202
5243
5246
5262
5293
5310
5328
5338
5351
5375
5393
5438
5458
5463
5474
5482
5485
5487
5493
5500
5501
5510
5525
5533
5558
5563
5570
5607
5687
5706
5731
5760
5764
5794
5845
5846
5862
5912
5946
5976
5994
5996
6037
6045
6053
6138
6139
6169
6179
6182
6185
6243
6244
6267
6279
6285
6313
6323
6332
6342
6347
6351
6355
6377
6391
6431
6433
6458
6464
6469
6473
6476
6550
6579
6605
6659
6710
6727
6732
6759
6778
6799
6841
6858
6895
6939
6942
6943
6947
6964
6979
6997
7005
7026
7032
7048
7159
7160
7179
7184
7206
7241
7297
7308
7327
7343
7348
7366
7367
7388
7395
7409
7421
7439
7442
7460
7485
7487
7493
7512
7523
7557
7614
7618
7622
7637
7638
7648
7684
7698
7700
7740
7812
7878
7881
7882
7896
7901
7927
7989
7991
8002
8037
8038
8079
8087
8108
8109
8132
8170
8183
8187
8211
8235
8240
8280
8310
8312
8317
8362
8363
8391
8473
8474
8489
8501
8508
8512
8513
8561
8562
8571
8578
8611
8644
8655
8665
8692
8746
8758
8789
8791
8824
8828
8857
8859
8892
8895
8904
8905
8994
9006
9051
9081
9084
9087
9095
9096
9141
9142
9204
9253
9287
9347
9367
9388
9398
9414
9432
9453
9461
9470
9479
9492
9493
9502
9517
9544
9553
9567
9570
9583
9611
9637
9681
9711
9714
9735
9750
9765
9774
9780
9782
9790
9815
9859
9896
9921
9948
9951
9982
9990
10025
10045
10062
10082
10084
10113
10131
10182
10295
10299
10306
10317
10353
10366
10368
10373
10387
10402
10408
10436
10465
10477
10479
10509
10511
10656
10715
10736
10746
10755
10769
10773
10831
10835
10836
10848
10871
10943
10947
10956
10966
10980
10988
11038
11041
11046
11079
11102
11134
11139
11157
11158
11218
11233
11246
11263
11274
11283
11289
11306
11319
11339
11347
11363
11364
11369
11411
11448
11480
11488
11491
11529
11551
11560
11567
11594
11617
11627
11642
11668
11694
11699
11741
11745
11773
11790
11819
11872
11929
11935
11940
11942
11998
12005
12009
12023
12040
12125
12157
12179
12186
12209
12213
12242
12247
12268
12269
12291
12388
12477
12499
12518
12535
12564
12572
12588
12641
12677
12695
12700
12703
12715
12716
12718
12750
12756
12838
12839
12840
12845
12869
12880
12942
12948
12967
12982
13008
13031
13086
13091
13146
13165
13167
13189
13191
13195
13200
13257
13272
13273
13299
13324
13386
13395
13425
13456
13482
13492
13503
13505
13514
13527
13536
13579
13594
13619
13697
13699
13724
13785
13797
13853
13896
13934
13941
13982
13983
14000
14011
14015
14031
14046
14050
14082
14122
14158
14168
14185
14211
14213
14221
14229
14238
14239
14256
14264
14281
14289
14299
14355
14513
14534
14545
14555
14570
14605
14618
14700
14727
14733
14754
14771
14796
14798
14822
14827
14860
14881
14882
14895
14898
14899
14900
14906
14948
14950
14952
14995
15005
15040
15082
15118
15177
15199
15208
15209
15211
15247
15251
15284
15428
15459
15477
15510
15514
15533
15539
15563
15601
15633
15656
15659
15687
15706
15728
15790
15826
15833
15861
15894
15914
15947
16020
16029
16035
16044
16058
16063
16109
16117
16159
16204
16205
16206
16312
16335
16337
16339
16353
16437
16444
16464
16473
16503
16504
16538
16566
16568
16593
16607
16613
16642
16653
16668
16724
16758
16774
16801
16813
16838
16905
16946
16985
16996
17001
17015
17035
17045
17056
17122
17132
17149
17158
17172
17246
17254
17265
17276
17322
17395
17401
17403
17468
17480
17508
17523
17533
17552
17567
17570
17706
17769
17771
17776
17781
17819
17836
17905
17923
17928
17943
17968
18038
18059
18069
18106
18133
18134
18159
18194
18240
18270
18299
18310
18423
18454
18483
18524
18580
18608
18630
18633
18641
18662
18683
18690
18704
18741
18786
18811
18841
18842
18867
18889
18921
18953
18974
18976
18978
18986
19016
19037
19068
19104
19109
19116
19131
19132
19153
19207
19227
19238
19251
19291
19303
19307
19372
19387
19392
19397
19422
19481
19538
19568
19604
19662
19681
19730
19738
19742
19754
19880
19903
19905
19933
19937
19954
19991
19995
20038
20039
20073
20077
20082
20138
20150
20161
20209
20231
20235
20236
20261
20263
20271
20276
20320
20359
20382
20398
20438
20471
20473
20513
20514
20544
20595
20636
20645
20663
20679
20691
20700
20704
20705
20709
20755
20763
20772
20776
20780
20791
20802
20823
20827
20851
20893
20904
20907
20913
20918
20944
20985
20988
20992
21008
21032
21048
21061
21069
21077
21083
21100
21121
21129
21132
21153
21154
21162
21169
21195
21228
21248
21254
21278
21282
21291
21307
21320
21321
21329
21338
21357
21378
21409
21433
21447
21476
21513
21523
21528
21539
21552
21593
21614
21699
21718
21724
21748
21763
21771
21797
21841
21861
21867
21880
21888
21890
21893
21958
21982
21994
21998
22008
22081
22115
22137
22180
22212
22226
22254
22255
22299
22302
22314
22320
22339
22379
22385
22395
22396
22458
22465
22484
22486
22510
22524
22535
22542
22592
22593
22601
22615
22631
22656
22676
22690
22691
22699
22727
22753
22763
22810
22879
22913
22933
22943
22955
22968
22972
23022
23108
23123
23139
23175
23181
23199
23201
23216
23261
23262
23278
23311
23324
23418
23421
23453
23455
23475
23511
23518
23545
23572
23656
23678
23689
23706
23708
23709
23717
23780
23810
23832
23878
23893
23896
23929
23981
24034
24093
24109
24110
24154
24156
24165
24196
24201
24207
24217
24261
24295
24301
24310
24353
24399
24406
24438
24442
24466
24553
24557
24633
24659
24685
24729
24774
24813
24824
24831
24856
24860
24881
24956
24992
25002
25006
25021
25028
25043
25053
25076
25084
25090
25095
25100
25110
25135
25169
25176
25180
25187
25188
25192
25193
25209
25232
25243
25306
25320
25331
25342
25345
25351
25352
25435
25437
25462
25473
25493
25494
25519
25520
25521
25614
25626
25635
25646
25647
25672
25707
25722
25736
25819
25835
25852
25859
25868
25885
25889
25931
25938
25939
25950
25979
26008
26060
26077
26098
26117
26127
26129
26134
26167
26209
26258
26277
26295
26330
26332
26340
26374
26378
26399
26462
26465
26472
26474
26485
26513
26520
26570
26619
26648
26664
26668
26675
26679
26684
26712
26756
26775
26789
26793
26857
26866
26896
26918
26969
26975
26980
26990
27004
27007
27078
27088
27104
27105
27141
27160
27167
27171
27212
27245
27248
27284
27309
27384
27429
27452
27462
27484
27485
27499
27544
27582
27590
27608
27662
27665
27702
27707
27708
27716
27727
27734
27774
27793
27804
27808
27842
27848
27854
27896
27972
28009
28091
28151
28194
28258
28268
28306
28311
28315
28342
28343
28361
28370
28389
28429
28478
28487
28492
28499
28515
28516
28532
28538
28547
28584
28602
28613
28619
28673
28677
28696
28705
28707
28711
28726
28763
28769
28817
28821
28849
28858
28885
28906
28919
28938
28969
29018
29050
29082
29086
29123
29175
29207
29213
29229
29233
29293
29300
29310
29370
29391
29414
29415
29423
29486
29511
29541
29544
29555
29605
29607
29616
29687
29699
29706
29711
29752
29753
29757
29776
29786
29788
29789
29843
29883
29892
29895
29907
29911
29912
29933
29938
29994
30013
30046
30097
30105
30113
30203
30238
30257
30277
30281
30287
30316
30317
30320
30329
30334
30347
30352
30354
30366
30446
30465
30471
30476
30477
30479
30492
30503
30504
30508
30516
30552
30575
30592
30620
30664
30696
30715
30723
30844
30873
30894
30903
30907
30908
30968
30994
31019
31066
31087
31137
31148
31161
31196
31223
31259
31260
31272
31278
31345
31351
31368
31404
31456
31497
31542
31557
31560
31565
31570
31605
31659
31675
31696
31703
31718
31763
31792
31804
31856
31894
31910
31914
31937
31944
31993
32009
32013
32065
32066
32105
32158
32202
32232
32258
32311
32312
32321
32338
32388
32476
32484
32522
32546
32586
32606
32628
32667
32689
32692
32694
32735
32752
32766
32779
32806
32836
32862
32927
32950
32961
32972
32976
32995
33024
33025
33075
33128
33133
33135
33141
33170
33220
33245
33340
33362
33365
33369
33413
33422
33429
33461
33493
33510
33531
33537
33561
33570
33579
33601
33615
33634
33639
33640
33671
33682
33695
33696
33713
33745
33771
33840
33924
33958
33966
33987
33998
34022
34036
34062
34186
34216
34315
34317
34326
34332
34339
34362
34370
34412
34421
34429
34468
34497
34502
34516
34518
34525
34546
34632
34634
34641
34663
34669
34715
34734
34766
34770
34785
34799
34803
34835
34838
34844
34858
34916
34928
34947
34969
34976
34995
35016
35043
35044
35046
35077
35106
35109
35137
35143
35160
35216
35224
35237
35268
35273
35287
35291
35293
35312
35345
35350
35384
35392
35434
35448
35467
35485
35494
35497
35507
35538
35549
35555
35566
35592
35597
35607
35618
35656
35686
35688
35714
35761
35811
35816
35821
35837
35859
35913
35943
35949
35957
35999
36010
36027
36028
36051
36065
36095
36106
36122
36141
36189
36204
36214
36220
36224
36225
36241
36245
36276
36319
36342
36354
36359
36378
36426
36434
36486
36511
36517
36528
36539
36679
36693
36760
36771
36796
36802
36813
36826
36827
36848
36869
36875
36905
36930
36946
36992
37008
37013
37030
37092
37102
37137
37140
37154
37157
37163
37170
37221
37229
37283
37285
37292
37303
37339
37354
37356
37358
37451
37456
37479
37574
37593
37597
37598
37630
37666
37709
37782
37826
37828
37829
37841
37850
37857
37868
37880
37889
37933
37946
38006
38055
38060
38124
38125
38196
38208
38217
38250
38261
38289
38314
38318
38341
38357
38384
38407
38409
38417
38425
38463
38486
38519
38619
38620
38630
38639
38647
38660
38674
38770
38823
38836
38841
38842
38881
38888
38922
38941
38948
38969
39004
39015
39025
39042
39102
39154
39170
39184
39185
39204
39233
39245
39273
39281
39327
39339
39340
39352
39400
39401
39433
39437
39439
39470
39495
39498
39543
39550
39554
39600
39626
39654
39719
39743
39864
39878
39900
39922
39974
39985
39997
40019
40024
40049
40078
40112
40132
40135
40188
40209
40216
40221
40229
40244
40338
40343
40359
40378
40454
40459
40524
40530
40536
40569
40577
40578
40605
40640
40649
40656
40681
40723
40724
40736
40763
40815
40830
40851
40876
40892
40920
40937
40969
40970
40988
40994
41009
41032
41071
41089
41095
41096
41146
41177
41190
41208
41229
41248
41301
41312
41329
41367
41369
41375
41445
41456
41622
41623
41660
41706
41724
41750
41774
41796
41801
41812
41822
41827
41856
41868
41878
41908
41927
41943
41958
41970
41987
41996
42052
42063
42109
42127
42135
42146
42176
42186
42197
42253
42262
42332
42344
42394
42397
42426
42457
42462
42483
42588
42595
42610
42623
42634
42648
42657
42718
42721
42761
42796
42803
42872
42910
42911
42928
42931
42946
42952
43009
43029
43031
43032
43033
43076
43100
43149
43185
43201
43231
43232
43244
43263
43272
43282
43299
43308
43386
43388
43445
43569
43589
43607
43656
43688
43727
43738
43757
43769
43824
43836
43860
43873
43922
43930
43960
43987
44011
44017
44042
44063
44073
44130
44144
44170
44381
44428
44467
44494
44497
44539
44566
44594
44644
44677
44682
44686
44689
44731
44749
44835
44862
44867
44973
45050
45060
45064
45080
45116
45202
45203
45214
45218
45268
45299
45314
45364
45437
45439
45445
45449
45463
45542
45600
45616
45690
45707
45743
45762
45765
45777
45784
45818
45836
45849
45884
45904
45910
45913
45946
45957
45998
46147
46161
46166
46188
46192
46243
46275
46289
46325
46351
46434
46491
46497
46562
46602
46608
46609
46619
46634
46642
46650
46674
46696
46703
46707
46713
46738
46749
46778
46816
46834
46841
46864
46970
46971
46975
46979
47045
47050
47059
47060
47064
47068
47070
47116
47126
47144
47151
47152
47165
47173
47196
47265
47312
47332
47362
47373
47383
47393
47430
47431
47496
47501
47527
47573
47629
47634
47652
47730
47757
47763
47766
47769
47820
47830
47842
47853
47857
47858
47880
47908
47923
47964
47969
48012
48028
48104
48121
48148
48151
48281
48285
48293
48305
48308
48314
48344
48361
48365
48384
48388
48409
48431
48440
48441
48459
48487
48532
48552
48568
48585
48588
48593
48624
48642
48658
48695
48709
48715
48754
48759
48848
48880
48888
48899
48927
48970
48978
49001
49041
49048
49077
49105
49135
49159
49166
49189
49227
49260
49284
49312
49336
49337
49402
49409
49420
49458
49463
49484
49511
49515
49553
49560
49574
49635
49641
49650
49703
49721
49724
49761
49799
49821
49836
49888
49895
49898
49937
49944
49945
49998
50062
50064
50071
50096
50117
50161
50162
50210
50214
50215
50230
50236
50239
50248
50253
50258
50266
50283
50312
50350
50372
50385
50404
50425
50428
50465
50483
50527
50542
50567
50583
50604
50616
50639
50651
50660
50674
50679
50699
50709
50721
50743
50749
50763
50824
50840
50862
50902
50920
50968
50972
50988
50997
51040
51058
51061
51109
51114
51118
51155
51163
51181
51200
51207
51216
51219
51226
51230
51272
51280
51389
51393
51432
51434
51450
51454
51507
51527
51534
51571
51583
51615
51638
51639
51700
51706
51716
51730
51740
51748
51789
51811
51824
51830
51833
51843
51849
51860
51876
51902
51903
51936
51939
51970
51982
52009
52010
52014
52037
52052
52103
52129
52151
52187
52191
52202
52203
52218
52224
52241
52249
52255
52257
52262
52264
52296
52301
52327
52340
52349
52380
52381
52387
52429
52441
52458
52459
52476
52481
52484
52501
52504
52530
52539
52593
52595
52616
52637
52641
52644
52673
52674
52746
52747
52751
52783
52788
52792
52881
52906
52909
52913
52919
52929
52984
52985
52996
53032
53043
53055
53086
53102
53108
53118
53131
53138
53166
53187
53195
53261
53352
53362
53365
53369
53376
53378
53437
53467
53471
53484
53520
53548
53555
53559
53563
53593
53628
53642
53659
53660
53688
53703
53714
53722
53725
53739
53756
53791
53817
53820
53843
53885
53893
53897
53903
53914
53923
53952
54010
54025
54043
54072
54082
54099
54102
54122
54179
54196
54199
54202
54232
54237
54307
54335
54343
54383
54386
54450
54451
54500
54504
54530
54542
54558
54608
54666
54674
54758
54784
54856
54869
54875
54910
54959
54967
54984
55000
55004
55028
55032
55034
55037
55062
55147
55157
55177
55222
55272
55280
55288
55291
55307
55351
55392
55402
55407
55419
55427
55440
55478
55501
55517
55527
55533
55557
55589
55660
55665
55687
55688
55734
55756
55766
55771
55800
55807
55823
55838
55848
55882
55899
55902
55909
55933
55943
55948
55978
55988
56010
56022
56046
56063
56074
56093
56109
56151
56153
56174
56176
56179
56202
56246
56250
56270
56276
56294
56330
56353
56398
56415
56436
56443
56471
56509
56512
56532
56534
56575
56583
56586
56601
56602
56630
56674
56685
56735
56768
56801
56804
56810
56813
56864
56869
56887
56906
56916
56948
56949
56951
56957
56980
56984
57021
57043
57053
57067
57082
57103
57126
57132
57137
57159
57170
57201
57231
57257
57262
57263
57302
57306
57321
57340
57382
57409
57442
57445
57456
57498
57554
57579
57585
57602
57614
57635
57659
57665
57668
57714
57741
57747
57779
57793
57796
57834
57841
57842
57898
57905
57910
57912
57916
57952
57964
57986
58035
58039
58054
58076
58086
58093
58098
58130
58159
58163
58181
58192
58200
58226
58267
58278
58279
58284
58310
58319
58348
58353
58354
58367
58373
58384
58396
58399
58429
58468
58480
58531
58556
58599
58632
58715
58725
58736
58741
58747
58788
58794
58801
58802
58804
58821
58822
58833
58848
58859
58881
58885
58905
58920
59004
59064
59072
59092
59148
59149
59151
59166
59183
59194
59213
59243
59264
59274
59346
59362
59378
59403
59491
59503
59560
59574
59596
59598
59624
59628
59639
59665
59674
59675
59679
59682
59697
59704
59734
59736
59749
59774
59786
59802
59825
59829
59844
59870
59878
59879
59885
59893
59923
59947
59957
59958
59979
59983
59985
60001
60018
60028
60036
60056
60095
60102
60111
60137
60170
60185
60192
60205
60211
60214
60225
60315
60318
60322
60338
60353
60360
60406
60414
60433
60464
60544
60549
60564
60575
60626
60642
60673
60683
60687
60748
60760
60767
60802
60820
60841
60846
60859
60884
60896
60925
60931
60958
61007
61025
61074
61086
61088
61089
61094
61106
61112
61126
61130
61138
61143
61147
61167
61195
61206
61215
61216
61224
61229
61233
61236
61252
61262
61275
61283
61298
61322
61340
61358
61359
61429
61439
61454
61473
61490
61504
61539
61547
61559
61583
61614
61615
61620
61681
61694
61749
61750
61753
61837
61838
61842
61865
61903
61951
61952
61965
61966
61991
62008
62052
62064
62073
62081
62097
62108
62139
62147
62159
62189
62212
62246
62301
62306
62309
62319
62331
62364
62400
62406
62408
62417
62419
62421
62467
62469
62540
62584
62632
62636
62638
62667
62684
62709
62723
62726
62762
62787
62795
62805
62820
62836
62846
62877
62913
62940
62946
62968
62977
62996
63015
63017
63034
63040
63043
63047
63057
63074
63090
63096
63114
63141
63152
63169
63188
63211
63215
63221
63265
63285
63325
63367
63372
63385
63394
63416
63425
63429
63448
63456
63488
63492
63523
63561
63562
63571
63593
63607
63612
63655
63665
63688
63699
63703
63706
63740
63766
63801
63814
63820
63830
63842
63867
63885
63896
63935
63948
63973
63982
64003
64005
64015
64019
64024
64039
64053
64120
64142
64151
64209
64225
64226
64231
64235
64252
64275
64310
64328
64329
64332
64358
64359
64494
64513
64559
64575
64576
64578
64627
64664
64671
64685
64702
64715
64740
64763
64795
64843
64862
64955
64967
64976
64982
65002
65041
65097
65098
65115
65133
65159
65164
65201
65220
65237
65271
65275
65280
65282
65283
65308
65362
65367
65404
65408
65467
65496
65499
65504
65549
65617
65625
65633
65635
65651
65688
65707
65717
65719
65748
65759
65766
65788
65815
65816
65817
65834
65840
65878
65883
65933
65946
65968
65970
65998
66044
66054
66071
66081
66088
66144
66157
66174
66192
66196
66204
66281
66375
66379
66380
66386
66414
66457
66478
66482
66493
66508
66515
66541
66564
66571
66609
66611
66663
66705
66710
66748
66786
66819
66821
66852
66867
66877
66901
66922
66923
66934
66961
67039
67048
67073
67097
67109
67137
67163
67225
67266
67270
67334
67335
67376
67459
67467
67472
67484
67505
67518
67519
67541
67602
67616
67621
67641
67659
67672
67674
67679
67712
67732
67737
67748
67787
67809
67834
67849
67873
67913
67951
67975
67984
67996
68023
68027
68033
68054
68063
68115
68122
68125
68138
68145
68147
68158
68176
68191
68195
68223
68268
68293
68328
68352
68359
68362
68374
68425
68431
68451
68482
68527
68565
68566
68575
68599
68618
68634
68644
68648
68652
68660
68750
68753
68799
68806
68809
68860
68876
68922
68926
68958
68967
68971
68975
68982
68997
69033
69036
69054
69055
69064
69074
69082
69106
69170
69186
69203
69265
69267
69284
69298
69326
69356
69418
69422
69433
69480
69481
69517
69535
69577
69610
69624
69642
69655
69662
69666
69679
69692
69709
69727
69737
69756
69762
69772
69825
69848
69858
69884
69893
69935
69966
69976
70046
70047
70106
70127
70146
70175
70189
70199
70239
70255
70259
70271
70280
70294
70297
70305
70309
70369
70381
70386
70391
70448
70470
70475
70481
70491
70543
70546
70569
70586
70597
70646
70694
70700
70714
70739
70746
70772
70781
70783
70806
70814
70822
70862
70881
70919
70928
70949
70950
70977
71057
71127
71154
71160
71170
71181
71183
71214
71218
71256
71276
71289
71298
71414
71428
71457
71482
71483
71530
71549
71560
71561
71562
71567
71594
71604
71622
71626
71627
71631
71644
71649
71659
71681
71703
71715
71749
71775
71798
71838
71845
71848
71851
71879
71884
71896
71902
71913
71936
71963
71977
72038
72088
72095
72102
72130
72149
72159
72164
72200
72207
72227
72232
72233
72238
72294
72315
72318
72362
72385
72392
72394
72403
72405
72454
72464
72467
72488
72517
72538
72560
72561
72577
72603
72610
72645
72675
72697
72706
72712
72726
72743
72746
72749
72751
72763
72778
72787
72791
72810
72824
72867
72877
72882
72941
72949
72981
72993
72994
72997
73004
73016
73023
73041
73044
73139
73170
73178
73196
73199
73218
73238
73282
73311
73323
73338
73352
73353
73368
73386
73411
73416
73420
73506
73509
73523
73524
73535
73623
73656
73669
73694
73718
73737
73743
73765
73773
73796
73806
73812
73845
73852
73861
73865
73873
73920
73931
73933
73945
73954
73964
73967
73983
74006
74022
74025
74044
74049
74057
74082
74084
74106
74128
74134
74141
74148
74159
74193
74230
74310
74323
74358
74359
74412
74473
74480
74487
74514
74579
74596
74597
74619
74687
74693
74703
74713
74727
74732
74761
74774
74794
74832
74847
74856
74890
74910
74919
75000
75009
75018
75029
75038
75052
75071
75107
75109
75122
75137
75142
75153
75157
75159
75189
75202
75212
75214
75237
75240
75249
75254
75255
75287
75363
75364
75366
75374
75385
75390
75394
75410
75415
75428
75445
75449
75471
75474
75516
75519
75544
75546
75598
75655
75671
75709
75731
75736
75765
75770
75780
75804
75805
75806
75880
75902
75915
75917
75923
75929
75965
75978
76040
76045
76054
76060
76079
76102
76110
76125
76138
76156
76160
76166
76176
76180
76186
76222
76228
76255
76260
76272
76329
76356
76392
76408
76435
76458
76465
76485
76498
76502
76515
76542
76546
76549
76567
76570
76581
76582
76604
76607
76657
76676
76700
76707
76721
76732
76750
76781
76783
76801
76802
76811
76819
76832
76893
76912
76929
76960
76986
76998
77050
77063
77084
77103
77108
77112
77124
77234
77237
77238
77242
77270
77275
77277
77307
77318
77334
77346
77355
77358
77363
77396
77398
77432
77458
77464
77509
77557
77726
77734
77746
77773
77785
77792
77825
77829
77843
77857
77859
77861
77885
77895
77898
77925
77934
77979
78009
78019
78024
78053
78067
78078
78095
78121
78141
78176
78212
78228
78235
78243
78244
78282
78289
78297
78312
78359
78362
78411
78463
78480
78493
78583
78679
78716
78736
78740
78745
78749
78757
78770
78772
78786
78845
78892
78900
78904
78921
78960
78973
79051
79058
79065
79069
79129
79163
79198
79203
79212
79223
79224
79235
79244
79251
79256
79286
79315
79331
79336
79348
79359
79367
79385
79394
79415
79427
79454
79538
79578
79580
79595
79604
79673
79682
79728
79754
79765
79808
79827
79841
79873
79876
79901
79905
79913
79924
79928
79931
79948
79971
79986
79990
80026
80033
80057
80062
80064
80092
80115
80130
80139
80181
80192
80197
80214
80242
80264
80269
80280
80292
80296
80297
80312
80326
80339
80348
80381
80399
80410
80461
80466
80471
80489
80511
80524
80540
80549
80553
80596
80603
80625
80662
80680
80683
80693
80730
80767
80807
80818
80820
80827
80843
80889
80924
80949
80956
81010
81014
81064
81087
81144
81152
81185
81198
81209
81218
81222
81223
81240
81281
81283
81294
81304
81314
81339
81343
81345
81399
81436
81438
81445
81453
81473
81475
81502
81569
81570
81571
81654
81672
81679
81681
81709
81736
81737
81766
81768
81778
81791
81830
81877
81878
81894
81937
81983
81994
82034
82045
82083
82154
82160
82171
82175
82182
82240
82276
82291
82305
82325
82365
82367
82374
82381
82443
82468
82503
82522
82532
82570
82602
82625
82637
82676
82682
82686
82689
82697
82703
82704
82711
82741
82778
82794
82826
82884
82937
82949
82951
82959
82988
82996
83007
83009
83073
83092
83145
83162
83176
83181
83182
83198
83203
83228
83232
83251
83278
83349
83351
83397
83402
83406
83420
83423
83440
83444
83453
83462
83498
83507
83528
83553
83587
83590
83673
83677
83679
83685
83708
83726
83732
83742
83764
83837
83841
83875
83894
83912
83916
83965
83976
84071
84108
84121
84124
84141
84160
84186
84205
84223
84229
84263
84273
84284
84292
84299
84303
84336
84339
84344
84379
84408
84424
84425
84429
84496
84501
84504
84526
84538
84540
84559
84584
84643
84644
84672
84683
84731
84749
84761
84765
84771
84811
84813
84825
84858
84868
84889
84902
84930
84960
84970
84980
84986
85001
85016
85052
85060
85063
85106
85122
85123
85124
85125
85148
85160
85176
85191
85200
85222
85234
85240
85242
85284
85295
85354
85375
85381
85428
85434
85448
85451
85454
85468
85471
85480
85503
85531
85539
85578
85607
85614
85616
85620
85623
85633
85668
85819
85832
85843
85857
85865
85870
85889
85911
85944
85947
85983
86018
86026
86030
86041
86045
86047
86048
86049
86051
86053
86058
86070
86087
86283
86290
86318
86324
86372
86377
86388
86410
86428
86431
86440
86444
86446
86465
86498
86500
86508
86523
86544
86576
86580
86606
86615
86637
86646
86673
86707
86748
86776
86799
86824
86835
86864
86878
86898
86899
86958
86959
86981
86986
86990
86999
87030
87058
87116
87117
87125
87130
87153
87161
87172
87174
87198
87256
87272
87282
87306
87341
87362
87407
87446
87451
87455
87486
87514
87539
87549
87554
87590
87601
87607
87611
87618
87641
87645
87663
87670
87681
87682
87691
87713
87753
87761
87796
87800
87817
87821
87823
87841
87842
87861
87923
87996
88013
88017
88028
88040
88064
88094
88113
88152
88156
88174
88180
88189
88197
88216
88217
88233
88237
88251
88257
88258
88290
88336
88340
88346
88365
88493
88506
88513
88523
88554
88568
88573
88586
88613
88625
88643
88667
88695
88724
88737
88772
88787
88791
88802
88816
88847
88850
88867
88879
88919
88940
88950
88953
89023
89065
89089
89092
89116
89138
89139
89147
89158
89183
89189
89196
89201
89202
89204
89209
89254
89306
89350
89356
89360
89390
89408
89411
89416
89422
89425
89440
89446
89507
89525
89527
89587
89591
89631
89634
89736
89753
89786
89825
89833
89843
89894
89920
89932
89934
89939
89969
89985
90011
90035
90065
90084
90109
90128
90160
90186
90198
90203
90236
90239
90281
90293
90312
90314
90318
90330
90334
90345
90348
90350
90351
90390
90397
90414
90418
90422
90429
90449
90494
90501
90503
90504
90517
90556
90565
90571
90617
90646
90647
90715
90726
90778
90793
90806
90810
90846
90852
90854
90873
90909
90913
90959
90978
90989
91045
91047
91066
91083
91112
91150
91160
91168
91173
91192
91209
91226
91242
91270
91312
91325
91365
91379
91408
91419
91440
91466
91480
91496
91522
91551
91565
91574
91607
91616
91620
91654
91659
91734
91741
91745
91747
91797
91814
91819
91829
91834
91877
91887
91915
92026
92033
92061
92079
92082
92097
92101
92107
92130
92165
92172
92195
92235
92250
92263
92269
92288
92294
92298
92330
92398
92405
92419
92435
92442
92443
92469
92485
92503
92515
92519
92533
92559
92562
92568
92569
92584
92587
92605
92624
92630
92649
92654
92702
92745
92747
92761
92782
92802
92804
92805
92819
92828
92832
92833
92917
92936
92969
93001
93021
93025
93029
93031
93067
93077
93086
93097
93110
93111
93173
93182
93202
93228
93281
93326
93336
93347
93425
93443
93489
93516
93530
93532
93578
93588
93596
93604
93615
93630
93651
93665
93678
93687
93711
93740
93760
93767
93849
93853
93906
93938
93940
93945
93951
93971
94003
94009
94032
94033
94078
94095
94101
94166
94173
94187
94207
94208
94218
94244
94245
94255
94270
94292
94293
94303
94324
94335
94339
94345
94359
94385
94406
94410
94451
94488
94494
94531
94536
94555
94578
94584
94598
94630
94649
94686
94695
94769
94771
94830
94836
94839
94847
94858
94867
94907
94917
94928
94935
94953
94970
94985
94988
94993
95006
95037
95052
95077
95085
95098
95134
95141
95142
95147
95169
95176
95183
95232
95240
95258
95277
95286
95325
95332
95400
95413
95416
95430
95502
95550
95588
95592
95616
95620
95682
95687
95688
95693
95700
95702
95703
95719
95744
95768
95789
95823
95911
95945
95950
96006
96032
96044
96171
96200
96209
96217
96268
96275
96288
96311
96351
96366
96370
96372
96396
96404
96417
96425
96436
96487
96535
96559
96561
96569
96587
96589
96591
96596
96597
96638
96666
96705
96713
96781
96806
96812
96843
96854
96882
96891
96905
96912
96924
96949
96960
96978
97054
97059
97070
97085
97136
97142
97167
97168
97173
97174
97182
97194
97195
97202
97215
97231
97237
97286
97295
97306
97321
97332
97368
97372
97377
97397
97400
97413
97447
97457
97459
97462
97534
97556
97565
97585
97607
97633
97634
97636
97644
97651
97693
97695
97696
97702
97716
97734
97750
97822
97835
97853
97859
97957
97982
97991
97997
98081
98099
98101
98147
98168
98172
98176
98181
98191
98212
98221
98238
98257
98259
98309
98322
98343
98347
98368
98392
98423
98424
98429
98441
98443
98519
98551
98565
98569
98570
98620
98641
98647
98670
98711
98762
98768
98813
98834
98856
98872
98880
98897
98926
98957
98958
99020
99053
99064
99076
99078
99087
99105
99123
99141
99156
99235
99295
99329
99377
99418
99422
99474
99479
99488
99489
99491
99508
99509
99559
99595
99599
99618
99624
99642
99694
99709
99742
99754
99755
99761
99807
99879
99887
99914
99950
99957
99991
100029
100034
100059
100060
100065
100080
100101
100122
100166
100173
100190
100205
100249
100281
100308
100317
100318
100335
100338
100351
100354
100360
100372
100415
100421
100445
100452
100487
100501
100508
100540
100596
100623
100639
100658
100661
100675
100702
100721
100725
100758
100766
100798
100825
100835
100842
100853
100912
100932
100953
100978
100992
101013
101018
101064
101069
101081
101085
101088
101096
101120
101123
101141
101143
101144
101155
101169
101172
101198
101210
101223
101236
101275
101295
101307
101310
101375
101382
101390
101392
101421
101465
101469
101500
101520
101528
101532
101544
101569
101577
101596
101597
101598
101603
101607
101629
101641
101653
101672
101673
101699
101710
101717
101768
101780
101784
101786
101787
101808
101850
101892
101894
101898
101904
101925
101949
101963
101964
102011
102044
102052
102053
102084
102087
102093
102115
102127
102143
102161
102183
102227
102271
102281
102287
102301
102404
102438
102440
102453
102458
102461
102478
102481
102494
102524
102525
102527
102535
102542
102544
102551
102558
102564
102571
102600
102625
102690
102706
102709
102763
102777
102780
102805
102822
102835
102902
102905
102907
102914
102920
102938
102939
102940
102952
102953
102965
102999
103002
103008
103014
103038
103042
103044
103077
103082
103091
103097
103103
103108
103147
103189
103204
103259
103260
103290
103365
103366
103421
103432
103454
103457
103480
103486
103487
103495
103510
103558
103569
103572
103582
103591
103603
103604
103625
103633
103646
103651
103658
103713
103717
103720
103760
103764
103799
103819
103824
103826
103831
103853
103873
103887
103901
103946
103959
103960
103971
104049
104051
104053
104068
104070
104073
104084
104087
104102
104108
104110
104159
104175
104252
104258
104262
104273
104324
104332
104356
104362
104425
104427
104442
104467
104474
104512
104524
104580
104620
104644
104651
104686
104732
104741
104742
104753
104764
104785
104792
104795
104814
104819
104831
104841
104852
104863
104893
104915
104920
104927
104942
104958
104973
104992
104999
105038
105076
105083
105111
105175
105184
105192
105194
105230
105240
105268
105269
105315
105318
105357
105362
105418
105450
105489
105494
105543
105550
105552
105570
105574
105578
105594
105598
105605
105627
105635
105653
105657
105675
105677
105706
105713
105724
105738
105792
105822
105848
105882
105924
105960
105966
105996
106001
106003
106047
106055
106058
106059
106140
106154
106157
106186
106209
106210
106214
106257
106268
106292
106296
106302
106312
106323
106339
106350
106391
106419
106452
106472
106481
106490
106504
106508
106523
106532
106538
106565
106574
106622
106631
106651
106653
106661
106676
106680
106695
106736
106851
106884
106890
106918
106931
107003
107020
107023
107042
107044
107072
107075
107077
107091
107118
107148
107168
107172
107175
107180
107188
107258
107271
107273
107292
107340
107385
107413
107455
107459
107475
107495
107504
107509
107547
107551
107554
107567
107583
107591
107636
107646
107678
107690
107692
107693
107706
107710
107717
107729
107756
107830
107832
107860
107861
107863
107890
107933
107937
107994
107998
108002
108097
108126
108135
108140
108155
108159
108172
108176
108178
108190
108195
108220
108235
108276
108287
108317
108345
108350
108360
108381
108390
108397
108402
108411
108417
108426
108461
108462
108466
108489
108513
108577
108588
108590
108626
108663
108692
108729
108747
108811
108828
108865
108871
108878
108925
108929
108932
108947
108950
108960
108988
108992
109030
109035
109043
109062
109065
109097
109126
109146
109163
109167
109185
109205
109256
109271
109277
109286
109291
109297
109311
109324
109339
109341
109401
109409
109411
109435
109453
109458
109484
109502
109511
109516
109525
109533
109561
109573
109590
109595
109600
109660
109735
109744
109826
109835
109873
109883
109887
109889
109895
109968
109969
109996
110011
110019
110063
110069
110070
110076
110092
110101
110121
110144
110163
110169
110238
110261
110323
110383
110385
110387
110395
110400
110405
110425
110429
110436
110524
110554
110555
110575
110588
110593
110607
110614
110640
110679
110683
110705
110708
110709
110736
110746
110754
110763
110780
110805
110811
110833
110834
110849
110861
110896
110903
110907
110910
110930
110968
110979
110984
111033
111038
111063
