8
44
58
80
86
96
106
136
185
231
253
282
337
352
361
441
474
507
520
546
598
614
616
627
776
791
873
896
904
930
977
989
1063
1073
1076
1158
1172
1175
1194
1199
1255
1268
1309
1348
1351
1378
1391
1434
1459
1475
1481
1490
1535
1553
1566
1612
1616
1683
1838
1841
1853
1879
1887
1935
1978
1986
1991
2012
2020
2029
2032
2046
2075
2096
2112
2147
2156
2166
2185
2202
2281
2302
2304
2337
2375
2393
2439
2511
2529
2546
2575
2610
2613
2629
2639
2660
2724
2781
2834
2835
2853
2868
2888
2902
2914
2979
2991
3005
3026
3027
3060
3065
3068
3081
3094
3110
3122
3129
3143
3179
3184
3211
3256
3329
3335
3376
3440
3480
3514
3518
3524
3535
3547
3572
3573
3646
3669
3697
3706
3721
3811
3823
3837
3923
3931
3951
3965
3966
3986
4056
4062
4076
4085
4089
4099
4140
4141
4146
4154
4197
4207
4279
4328
4329
4332
4354
4369
4422
4423
4438
4443
4501
4514
4581
4594
4613
4625
4686
4701
4726
4759
4772
4839
4911
4937
4979
4987
5000
5029
5102
5106
5119
5138
5147
5180
5198
5208
5221
5260
5282
5329
5397
5425
5426
5520
5535
5553
5574
5591
5603
5627
5670
5676
5720
5741
5770
5800
5809
5821
5825
5826
5877
5909
5934
5953
5965
5990
6008
6014
6050
6068
6102
6226
6249
6250
6270
6325
6365
6395
6418
6546
6552
6563
6572
6580
6634
6639
6657
6699
6746
6764
6796
6857
6868
6874
6900
6916
6935
7011
7019
7106
7111
7112
7139
7141
7243
7299
7362
7378
7438
7465
7501
7548
7556
7567
7599
7609
7639
7664
7682
7686
7734
7737
7793
7844
7853
7899
7909
7939
7978
8027
8028
8036
8080
8089
8100
8167
8185
8244
8249
8269
8277
8308
8311
8335
8351
8424
8435
8451
8467
8492
8532
8685
8688
8694
8722
8742
8763
8817
8856
8898
8960
9014
9064
9167
9182
9187
9197
9262
9283
9289
9335
9389
9433
9467
9482
9487
9513
9527
9562
9564
9623
9657
9688
9706
9725
9726
9733
9821
9823
9827
9834
9890
9898
9908
9920
9940
9963
9970
10006
10060
10121
10128
10137
10147
10167
10170
10186
10191
10193
10213
10216
10226
10266
10289
10296
10333
10369
10374
10411
10412
10424
10427
10434
10469
10552
10566
10572
10645
10648
10664
10703
10823
10847
10851
10897
11012
11014
11025
11076
11133
11146
11187
11197
11255
11295
11310
11321
11391
11396
11407
11476
11570
11595
11622
11656
11674
11719
11739
11740
11760
11777
11804
11815
11820
11826
11842
11849
11862
11864
11868
11881
11892
11911
11928
11958
12020
12036
12088
12123
12136
12206
12308
12330
12407
12421
12446
12460
12491
12567
12578
12605
12693
12701
12704
12737
12789
12791
12806
12829
12853
12925
12931
13004
13024
13065
13084
13105
13121
13151
13164
13235
13250
13307
13349
13389
13448
13562
13572
13595
13635
13651
13654
13670
13684
13688
13700
13742
13752
13776
13884
13958
13985
13995
13996
13997
14014
14026
14029
14033
14100
14135
14142
14149
14222
14231
14233
14240
14244
14267
14308
14379
14450
14592
14609
14613
14655
14719
14742
14777
14803
14836
14887
14926
14957
14977
14978
14989
15018
15038
15044
15131
15140
15165
15178
15191
15283
15337
15350
15396
15401
15416
15417
15433
15525
15530
15567
15573
15578
15722
15738
15743
15807
15817
15818
15905
15907
15911
15956
15967
16005
16006
16012
16064
16070
16088
16148
16254
16264
16291
16296
16299
16315
16320
16397
16430
16471
16567
16587
16589
16633
16636
16638
16672
16704
16723
16770
16797
16798
16820
16846
16847
16888
16908
16927
16956
17019
17059
17060
17068
17093
17108
17120
17127
17141
17161
17163
17167
17181
17195
17197
17198
17245
17331
17383
17400
17432
17471
17516
17535
17542
17586
17596
17607
17648
17649
17695
17740
17816
17857
17892
17901
17907
17947
17995
18042
18055
18137
18139
18145
18160
18171
18220
18277
18325
18368
18381
18467
18495
18513
18549
18559
18568
18594
18625
18651
18661
18676
18678
18720
18733
18758
18766
18779
18800
18877
18882
18906
18924
18954
18965
18975
18982
19018
19035
19056
19070
19100
19160
19175
19289
19308
19317
19340
19346
19377
19396
19409
19421
19505
19526
19547
19560
19591
19609
19746
19806
19813
19818
19823
19863
19883
19927
19928
19978
19997
20090
20096
20116
20129
20142
20190
20232
20238
20249
20325
20329
20346
20367
20393
20420
20422
20446
20468
20507
20520
20538
20540
20624
20630
20668
20678
20706
20781
20792
20795
20876
20889
20925
20941
20980
21011
21037
21080
21112
21135
21187
21240
21265
21273
21327
21354
21358
21368
21370
21417
21428
21446
21484
21494
21502
21570
21596
21707
21728
21743
21762
21768
21774
21884
21889
21955
21980
21990
22032
22038
22051
22080
22102
22103
22110
22178
22217
22218
22240
22262
22340
22382
22386
22411
22419
22437
22478
22569
22609
22641
22666
22693
22743
22746
22764
22795
22812
22823
22843
22876
22882
22891
22901
22938
22963
22967
23018
23029
23061
23157
23198
23232
23234
23253
23271
23277
23337
23389
23401
23405
23454
23483
23528
23542
23550
23566
23571
23616
23620
23638
23654
23662
23732
23763
23821
23968
23989
24041
24072
24074
24085
24100
24105
24114
24119
24128
24131
24199
24248
24325
24337
24365
24416
24437
24454
24480
24495
24497
24498
24548
24569
24596
24609
24636
24728
24747
24756
24771
24780
24820
24847
24864
24889
24924
24934
24951
24969
24970
25007
25011
25050
25103
25111
25137
25258
25280
25339
25341
25349
25371
25380
25403
25432
25485
25486
25526
25542
25569
25594
25651
25670
25675
25708
25739
25741
25750
25751
25776
25876
25978
26022
26081
26096
26147
26161
26176
26198
26211
26270
26287
26356
26405
26413
26458
26491
26498
26538
26555
26584
26598
26604
26630
26645
26663
26682
26710
26828
26845
26893
26904
26913
26927
26982
26987
27003
27081
27132
27218
27227
27375
27381
27411
27440
27519
27588
27724
27728
27739
27741
27742
27753
27759
27780
27818
27821
27838
27843
27867
27868
27938
27955
27973
27974
27984
28023
28073
28085
28098
28129
28137
28180
28199
28202
28246
28252
28261
28278
28283
28292
28298
28332
28336
28372
28399
28414
28471
28472
28477
28517
28561
28605
28624
28625
28630
28633
28634
28678
28700
28701
28770
28872
28875
28916
28922
29017
29034
29049
29097
29143
29187
29198
29201
29232
29250
29319
29382
29394
29434
29581
29613
29615
29620
29637
29649
29725
29759
29825
29829
29840
29841
29850
29873
29875
29877
29905
29941
29975
30001
30008
30012
30076
30138
30166
30185
30186
30237
30272
30295
30362
30378
30414
30484
30527
30547
30577
30585
30613
30636
30667
30686
30700
30801
30813
30859
30880
30897
30922
30967
30997
31110
31113
31170
31184
31219
31231
31286
31314
31323
31344
31362
31433
31461
31464
31475
31517
31554
31588
31683
31733
31819
31835
31864
31983
32008
32031
32074
32199
32243
32286
32333
32440
32448
32452
32518
32599
32602
32713
32714
32764
32788
32796
32816
32860
33026
33044
33048
33051
33053
33072
33154
33210
33235
33301
33356
33374
33386
33475
33702
33715
33718
33779
33843
33886
33889
33931
33953
33967
33975
34010
34127
34167
34185
34207
34223
34224
34227
34295
34305
34401
34450
34451
34523
34533
34560
34564
34656
34714
34717
34764
34807
34810
34822
34870
34876
34907
34911
34919
34940
35011
35040
35165
35170
35194
35199
35214
35223
35230
35241
35282
35341
35432
35531
35532
35582
35675
35681
35706
35724
35763
35817
35818
35862
35869
35976
35978
36080
36105
36112
36165
36175
36183
36222
36229
36336
36337
36343
36367
36389
36402
36405
36429
36475
36477
36502
36512
36543
36642
36649
36709
36816
36833
36857
36862
36909
36925
36947
36961
37018
37019
37065
37066
37087
37123
37205
37275
37281
37288
37302
37307
37328
37365
37390
37409
37434
37450
37460
37527
37529
37536
37540
37558
37564
37618
37648
37662
37691
37748
37781
37810
37883
37896
37912
37939
37976
37987
38029
38106
38112
38113
38131
38136
38156
38201
38205
38252
38333
38377
38381
38447
38451
38462
38483
38497
38540
38554
38561
38599
38611
38637
38653
38658
38696
38701
38702
38765
38790
38802
38819
38883
38886
38893
38925
38956
38975
38996
39064
39066
39086
39131
39150
39164
39206
39227
39234
39236
39251
39253
39491
39541
39549
39557
39578
39596
39687
39694
39701
39755
39759
39825
39863
39873
39880
39904
39969
39973
40015
40020
40081
40117
40134
40153
40171
40262
40292
40315
40345
40357
40401
40433
40443
40446
40516
40519
40537
40544
40587
40762
40790
40810
40879
40882
40884
40886
40996
40999
41008
41058
41138
41143
41183
41203
41228
41230
41280
41334
41336
41388
41431
41463
41470
41475
41482
41531
41554
41613
41662
41675
41762
41824
41850
41880
41882
41898
41935
41936
41999
42005
42068
42076
42087
42089
42094
42165
42225
42227
42242
42243
42270
42282
42331
42339
42349
42358
42372
42460
42543
42577
42684
42763
42809
42854
42913
42943
43067
43084
43119
43120
43125
43130
43132
43174
43194
43262
43290
43436
43459
43485
43544
43567
43657
43676
43694
43728
43796
43800
43802
43850
43915
43917
43944
43947
43978
44032
44055
44181
44190
44193
44229
44239
44245
44320
44336
44352
44392
44429
44443
44476
44500
44503
44512
44537
44559
44575
44661
44676
44679
44692
44722
44734
44762
44764
44776
44784
44806
44869
44916
44995
44996
45008
45017
45043
45055
45071
45076
45079
45088
45169
45184
45210
45219
45228
45239
45341
45345
45369
45453
45456
45485
45564
45577
45608
45612
45675
45683
45734
45742
45758
45772
45921
45999
46002
46006
46008
46011
46078
46152
46160
46178
46227
46301
46314
46347
46357
46375
46391
46456
46470
46476
46505
46520
46522
46559
46566
46599
46611
46662
46715
46717
46745
46746
46775
46818
46905
47020
47022
47066
47135
47200
47227
47288
47289
47329
47331
47352
47367
47386
47395
47439
47467
47578
47628
47646
47680
47690
47722
47727
47782
47837
47854
47860
47867
47883
47897
47909
47932
47967
47986
48002
48088
48165
48181
48192
48194
48247
48358
48401
48418
48463
48482
48486
48500
48510
48559
48619
48626
48664
48844
48879
48882
48918
48960
49009
49021
49043
49051
49106
49158
49179
49185
49266
49299
49333
49368
49371
49376
49390
49394
49398
49442
49466
49496
49547
49551
49552
49555
49573
49620
49636
49685
49746
49755
49776
49803
49805
49846
49854
49920
49923
49936
49971
49995
50052
50070
50075
50108
50130
50139
50148
50157
50185
50194
50199
50244
50256
50300
50301
50348
50403
50439
50460
50462
50479
50486
50515
50606
50610
50694
50758
50764
50839
50867
50889
50932
50991
50992
51005
51059
51065
51174
51180
51238
51337
51353
51355
51368
51408
51425
51433
51464
51465
51519
51596
51607
51613
51628
51697
51777
51862
51935
51943
51959
52013
52072
52102
52119
52259
52288
52293
52305
52334
52362
52373
52394
52400
52432
52511
52528
52544
52578
52661
52678
52698
52716
52728
52757
52759
52789
52806
52819
52843
52854
52867
52968
52976
53049
53073
53116
53150
53252
53256
53303
53306
53335
53359
53409
53433
53538
53562
53578
53581
53604
53616
53623
53634
53653
53682
53687
53741
53754
53786
53792
53801
53815
53830
53832
53842
53870
53984
53993
53998
54015
54109
54156
54177
54178
54225
54251
54281
54301
54310
54324
54325
54360
54388
54414
54437
54498
54534
54536
54539
54596
54603
54617
54637
54644
54649
54687
54724
54750
54795
54828
54852
54859
54940
54948
55040
55057
55075
55100
55113
55140
55150
55205
55220
55261
55264
55318
55377
55429
55439
55454
55458
55467
55485
55503
55514
55556
55569
55573
55597
55603
55618
55648
55689
55696
55716
55717
55742
55775
55795
55810
55836
55837
55855
55888
55951
55976
55990
55997
56005
56015
56021
56047
56059
56089
56158
56204
56311
56345
56349
56414
56433
56438
56455
56456
56481
56565
56574
56591
56600
56656
56695
56704
56750
56796
56805
56834
56894
57008
57010
57035
57049
57052
57091
57186
57188
57210
57222
57285
57301
57333
57339
57392
57399
57435
57460
57471
57526
57534
57543
57619
57642
57657
57694
57705
57708
57719
57730
57740
57773
57792
57909
57918
58010
58027
58104
58121
58145
58147
58177
58189
58260
58286
58302
58304
58334
58339
58390
58401
58419
58421
58422
58446
58449
58467
58477
58478
58487
58493
58510
58523
58532
58554
58562
58583
58586
58622
58628
58629
58641
58644
58666
58671
58714
58746
58774
58775
58776
58799
58809
58842
58878
58884
58900
58919
58941
58945
58964
59022
59023
59063
59100
59127
59133
59137
59156
59218
59219
59248
59277
59320
59349
59417
59423
59529
59555
59561
59583
59690
59705
59728
59754
59755
59768
59787
59790
59821
59826
59869
59913
59914
59927
59965
60005
60014
60067
60091
60104
60118
60132
60159
60168
60179
60200
60226
60249
60258
60352
60371
60458
60466
60479
60503
60508
60511
60540
60605
60608
60616
60619
60655
60695
60705
60740
60750
60773
60776
60787
60811
60826
60828
60867
60876
60894
60917
60923
60935
61005
61049
61064
61098
61123
61172
61176
61199
61245
61263
61375
61381
61385
61391
61397
61401
61402
61456
61458
61467
61499
61529
61564
61603
61731
61739
61787
61791
61821
61828
61846
61900
61929
61936
61960
62025
62070
62083
62085
62100
62140
62144
62157
62162
62184
62192
62208
62271
62287
62312
62318
62332
62348
62357
62393
62434
62442
62451
62464
62500
62504
62595
62624
62634
62660
62666
62687
62695
62725
62763
62810
62826
62834
62857
62867
62871
62881
62919
62939
62945
63022
63049
63052
63071
63095
63105
63110
63118
63134
63140
63157
63181
63189
63202
63222
63251
63254
63263
63306
63341
63343
63345
63397
63434
63452
63476
63480
63498
63506
63546
63594
63609
63611
63623
63726
63741
63769
63796
63803
63819
63872
63899
63906
63941
63999
64017
64045
64060
64065
64077
64118
64195
64232
64241
64257
64267
64296
64302
64402
64459
64465
64580
64616
64638
64640
64642
64654
64656
64657
64661
64669
64725
64733
64747
64757
64794
64796
64802
64836
64855
64925
64939
64957
64964
65033
65063
65072
65074
65086
65138
65155
65158
65174
65177
65183
65196
65198
65252
65257
65306
65315
65330
65336
65338
65344
65376
65377
65421
65445
65508
65553
65564
65593
65609
65647
65659
65665
65692
65708
65721
65735
65770
65805
65835
65866
65931
65975
66011
66082
66085
66087
66101
66122
66136
66178
66209
66311
66341
66398
66471
66583
66602
66612
66676
66703
66728
66761
66802
66871
66899
66938
66949
66963
67017
67037
67116
67140
67223
67254
67279
67292
67308
67346
67389
67396
67399
67403
67410
67434
67443
67517
67606
67619
67643
67729
67770
67775
67799
67825
67840
67895
67903
67907
67917
67937
67962
67971
68010
68014
68017
68040
68075
68104
68196
68218
68284
68378
68406
68409
68435
68463
68485
68494
68505
68529
68536
68585
68609
68636
68669
68689
68715
68768
68784
68790
68808
68813
68816
68823
68827
68854
68870
68901
68909
68934
68938
69013
69034
69039
69042
69066
69114
69122
69149
69192
69201
69202
69297
69315
69316
69351
69364
69366
69372
69397
69439
69446
69519
69521
69543
69549
69562
69568
69594
69623
69646
69787
69800
69809
69810
69817
69834
69876
69923
69943
70022
70035
70041
70048
70067
70214
70226
70298
70334
70374
70412
70426
70434
70439
70456
70514
70527
70565
70571
70575
70590
70594
70618
70762
70817
70914
70929
70941
70972
70995
70997
71005
71017
71020
71028
71049
71095
71105
71143
71161
71201
71238
71268
71275
71291
71299
71309
71323
71351
71353
71407
71410
71412
71436
71454
71495
71500
71522
71523
71571
71610
71680
71734
71743
71852
71891
71893
71933
71941
71979
72034
72046
72085
72086
72089
72093
72106
72136
72156
72172
72175
72210
72217
72224
72230
72258
72313
72422
72441
72445
72447
72493
72499
72570
72620
72643
72648
72662
72663
72671
72678
72703
72730
72773
72795
72807
72827
72833
72886
72913
72944
73079
73106
73122
73184
73205
73225
73236
73237
73250
73256
73276
73299
73306
73308
73325
73357
73383
73387
73421
73531
73549
73582
73690
73693
73712
73717
73726
73753
73754
73794
73808
73810
73823
73828
73891
73935
73978
73994
74058
74061
74120
74152
74167
74168
74175
74188
74236
74260
74301
74307
74338
74369
74383
74388
74403
74440
74488
74494
74513
74538
74544
74572
74602
74683
74715
74717
74737
74775
74808
74892
74909
74944
75042
75082
75087
75114
75125
75211
75277
75290
75296
75302
75311
75329
75350
75406
75459
75489
75509
75561
75565
75568
75572
75608
75652
75777
75809
75826
75841
75845
75849
75851
75934
75961
75981
75983
76008
76032
76039
76051
76067
76094
76103
76108
76152
76167
76214
76221
76233
76243
76246
76284
76299
76300
76306
76345
76424
76443
76456
76469
76471
76511
76547
76598
76599
76613
76652
76656
76684
76686
76704
76709
76788
76818
76838
76890
76892
76897
76932
77043
77065
77129
77132
77145
77149
77214
77217
77262
77271
77326
77359
77373
77378
77415
77462
77468
77474
77481
77496
77613
77672
77673
77719
77731
77742
77748
77791
77807
77820
77846
77858
77867
77880
77897
77913
77938
77993
78093
78162
78177
78233
78250
78290
78319
78320
78374
78407
78418
78430
78497
78522
78537
78556
78567
78578
78591
78603
78734
78758
78762
78782
78838
78868
78883
78914
78920
78922
78943
78953
78998
79098
79127
79146
79149
79155
79156
79174
79187
79199
79240
79284
79299
79301
79318
79326
79347
79349
79356
79408
79418
79428
79451
79484
79516
79547
79627
79630
79645
79664
79672
79677
79704
79708
79771
79784
79788
79801
79834
79840
79922
79959
79960
79982
79997
80032
80039
80066
80073
80086
80110
80116
80140
80142
80143
80148
80161
80213
80236
80243
80258
80290
80303
80321
80333
80354
80356
80370
80386
80388
80429
80459
80490
80502
80546
80554
80562
80619
80640
80647
80651
80695
80699
80740
80768
80789
80794
80803
80909
80930
80980
81002
81013
81044
81061
81121
81147
81177
81193
81204
81246
81257
81292
81320
81347
81381
81427
81428
81429
81450
81490
81517
81537
81563
81585
81609
81637
81669
81673
81691
81708
81746
81750
81762
81814
81827
81829
81848
81874
81969
81979
81993
82046
82048
82080
82129
82173
82177
82215
82217
82267
82283
82285
82306
82319
82341
82356
82474
82517
82557
82559
82597
82600
82646
82708
82726
82740
82767
82788
82816
82823
82880
82904
82907
82912
82916
82923
83005
83027
83044
83061
83071
83077
83096
83111
83123
83130
83137
83153
83156
83190
83281
83298
83313
83327
83336
83362
83365
83384
83385
83415
83468
83469
83471
83486
83490
83502
83503
83517
83526
83536
83561
83566
83583
83610
83612
83638
83645
83652
83661
83681
83711
83727
83730
83745
83870
83884
83885
83897
84067
84093
84135
84176
84187
84188
84189
84201
84217
84270
84290
84316
84331
84387
84392
84494
84517
84518
84529
84664
84686
84687
84703
84724
84758
84763
84764
84793
84802
84806
84855
84871
84877
84890
84894
84936
84992
85000
85050
85064
85118
85196
85218
85250
85288
85317
85334
85345
85359
85387
85405
85416
85433
85437
85447
85459
85520
85521
85643
85658
85677
85683
85697
85699
85719
85736
85744
85749
85772
85791
85847
85877
85886
85923
85930
85987
85996
86067
86090
86109
86110
86118
86124
86168
86176
86200
86205
86206
86260
86261
86267
86280
86308
86309
86365
86379
86422
86424
86464
86480
86484
86491
86539
86552
86614
86638
86690
86698
86706
86730
86770
86772
86774
86788
86794
86813
86852
86874
86895
86906
86952
86961
86970
86982
86994
87009
87063
87078
87107
87137
87138
87212
87224
87310
87313
87328
87332
87349
87537
87588
87616
87623
87630
87640
87651
87658
87662
87710
87711
87715
87725
87908
87925
87977
87991
88022
88139
88192
88200
88229
88241
88267
88284
88300
88347
88352
88377
88398
88550
88569
88610
88615
88627
88645
88674
88677
88703
88754
88792
88881
88894
88911
88920
88936
88976
88989
89026
89069
89108
89142
89156
89185
89238
89260
89267
89297
89317
89349
89375
89426
89438
89457
89529
89542
89565
89574
89597
89622
89626
89629
89643
89664
89671
89696
89720
89740
89826
89832
89879
89941
89943
89976
89992
90057
90091
90149
90152
90177
90178
90201
90242
90289
90292
90341
90358
90362
90378
90412
90426
90444
90454
90458
90491
90497
90543
90549
90570
90589
90592
90600
90628
90644
90672
90699
90727
90733
90797
90861
90868
90870
90953
90985
90988
91031
91035
91036
91050
91053
91082
91087
91117
91128
91134
91183
91206
91207
91215
91222
91248
91289
91303
91321
91367
91371
91424
91426
91434
91494
91508
91510
91513
91526
91543
91562
91625
91629
91630
91671
91696
91707
91710
91757
91768
91841
91844
91845
91874
91881
91896
91899
91905
91955
91964
91981
92048
92055
92085
92124
92153
92189
92191
92201
92212
92245
92260
92264
92268
92286
92326
92334
92357
92401
92413
92420
92460
92480
92492
92508
92511
92512
92646
92656
92662
92664
92693
92732
92743
92758
92774
92786
92796
92799
92829
92852
92900
92939
93035
93061
93075
93082
93100
93125
93163
93215
93222
93230
93243
93261
93283
93310
93317
93340
93349
93368
93417
93431
93452
93466
93520
93522
93626
93632
93671
93672
93679
93720
93733
93799
93802
93817
93866
93881
93882
93902
93928
93933
94010
94028
94043
94089
94090
94099
94112
94155
94156
94178
94192
94198
94220
94226
94231
94240
94252
94265
94288
94307
94354
94412
94450
94455
94466
94549
94581
94623
94635
94655
94749
94757
94760
94811
94844
94851
94866
94886
94926
94927
94938
95076
95103
95154
95156
95174
95194
95219
95248
95276
95371
95374
95382
95385
95390
95442
95482
95483
95497
95503
95510
95531
95543
95551
95559
95560
95576
95587
95613
95634
95637
95705
95710
95738
95750
95762
95784
95797
95847
95869
95887
95938
95980
95990
96004
96007
96031
96097
96118
96139
96163
96164
96180
96221
96240
96256
96274
96283
96332
96358
96380
96385
96430
96456
96473
96477
96484
96513
96609
96618
96663
96668
96694
96703
96709
96715
96733
96734
96841
96851
96875
96888
96907
96919
96961
96972
96985
97006
97046
97064
97079
97115
97137
97218
97226
97267
97324
97352
97370
97371
97439
97451
97455
97468
97478
97495
97505
97529
97545
97603
97613
97657
97667
97677
97741
97760
97765
97772
97911
97922
97928
97934
97939
97951
97956
97985
98001
98042
98053
98066
98110
98112
98136
98153
98174
98218
98235
98254
98277
98281
98396
98399
98420
98422
98426
98452
98469
98475
98506
98515
98525
98535
98537
98555
98568
98576
98577
98592
98596
98613
98649
98654
98676
98708
98801
98822
98828
98881
98883
98905
98924
98933
98980
98985
98998
99029
99042
99059
99068
99106
99108
99187
99239
99243
99251
99255
99261
99263
99288
99293
99305
99355
99365
99380
99381
99409
99425
99434
99439
99459
99463
99465
99466
99482
99549
99581
99598
99632
99633
99662
99666
99682
99700
99704
99705
99719
99739
99746
99774
99777
99790
99798
99813
99848
99863
99889
99940
99944
100008
100014
100020
100039
100062
100072
100090
100091
100117
100132
100165
100199
100289
100310
100379
100420
100440
100485
100529
100545
100552
100656
100687
100696
100714
100717
100756
100757
100769
100775
100789
100791
100794
100814
100890
100921
100922
100931
100943
101009
101072
101083
101145
101158
101170
101264
101273
101276
101294
101329
101341
101345
101387
101388
101396
101466
101483
101613
101646
101679
101695
101709
101730
101750
101798
101845
101870
101931
101946
101951
101957
101958
101967
102012
102047
102050
102061
102129
102235
102270
102285
102291
102293
102294
102309
102316
102334
102337
102342
102396
102401
102405
102416
102420
102449
102484
102505
102529
102541
102563
102574
102596
102612
102617
102619
102622
102648
102657
102674
102762
102845
102849
102855
102890
102927
102981
102986
102997
103041
103043
103045
103061
103086
103092
103111
103170
103180
103184
103228
103240
103245
103248
103250
103264
103309
103338
103348
103350
103355
103376
103385
103436
103442
103475
103497
103499
103505
103561
103567
103584
103590
103613
103641
103652
103666
103722
103750
103772
103808
103830
103847
103859
103898
103961
103983
104035
104055
104071
104098
104100
104136
104158
104169
104200
104203
104225
104228
104232
104268
104271
104276
104377
104401
104404
104423
104456
104484
104522
104528
104611
104636
104637
104650
104693
104704
104709
104723
104728
104756
104775
104801
104812
104835
104842
104873
104874
104878
104935
104963
104976
104989
105017
105026
105027
105039
105066
105067
105068
105097
105120
105138
105157
105200
105212
105215
105290
105339
105358
105377
105419
105452
105469
105520
105537
105548
105567
105575
105667
105694
105721
105754
105779
105807
105809
105831
105897
105898
105959
105969
106025
106048
106052
106073
106098
106102
106190
106245
106265
106272
106300
106332
106337
106343
106353
106402
106416
106438
106442
106464
106493
106500
106556
106570
106572
106581
106588
106602
106607
106623
106647
106671
106788
106815
106855
106874
106904
106986
107026
107057
107069
107073
107083
107110
107135
107145
107173
107213
107252
107305
107334
107338
107414
107419
107491
107499
107524
107584
107622
107638
107656
107687
107691
107712
107713
107770
107776
107783
107785
107793
107833
107936
108006
108051
108078
108080
108114
108133
108192
108198
108212
108217
108239
108243
108246
108288
108306
108331
108356
108398
108415
108432
108474
108490
108497
108552
108606
108616
108641
108664
108684
108686
108701
108720
108770
108774
108785
108786
108790
108798
108807
108823
108840
108850
108868
108889
108921
108938
108974
108995
108996
108998
109000
109028
109069
109070
109094
109122
109151
109160
109216
109222
109224
109293
109306
109322
109355
109405
109432
109476
109481
109519
109532
109547
109548
109639
109662
109669
109707
109724
109738
109772
109812
109876
109905
109923
109933
109942
109945
109952
109999
110009
110074
110127
110130
110153
110164
110189
110195
110250
110273
110306
110308
110325
110351
110406
110415
110418
110455
110471
110475
110490
110498
110529
110559
110582
110584
110597
110619
110635
110727
110760
110774
110775
110785
110807
110839
110850
110856
110872
110882
110886
110913
110921
110928
110929
110964
110986
111032
