57
69
155
158
172
206
256
311
342
405
415
454
466
521
533
535
649
751
761
792
796
842
863
866
960
974
996
1088
1100
1137
1229
1294
1315
1368
1394
1487
1544
1626
1634
1661
1781
1827
1941
1965
1995
2017
2019
2134
2135
2165
2226
2291
2360
2364
2383
2420
2423
2431
2464
2494
2605
2634
2645
2669
2762
2776
2829
3015
3022
3091
3158
3181
3264
3290
3295
3420
3463
3517
3520
3565
3602
3616
3705
3744
3824
3856
3868
3884
3994
4009
4041
4096
4132
4151
4157
4171
4206
4225
4254
4289
4353
4357
4472
4510
4573
4634
4948
4964
5025
5184
5427
5462
5537
5585
5601
5614
5623
5651
5656
5686
5702
5738
5827
5861
5919
6042
6124
6269
6287
6290
6315
6329
6354
6368
6392
6406
6424
6497
6500
6540
6551
6590
6716
6754
6785
6798
6853
6955
6956
6970
7053
7089
7104
7174
7182
7220
7257
7291
7314
7337
7491
7522
7634
7643
7738
7780
7806
7810
7823
7864
7923
7958
8004
8008
8073
8088
8110
8151
8195
8196
8274
8288
8305
8533
8594
8603
8620
8624
8740
8771
8867
8919
8922
8939
8988
9027
9055
9216
9303
9339
9430
9542
9617
9620
9683
9731
9803
9851
10000
10031
10041
10069
10081
10098
10122
10169
10319
10352
10391
10400
10405
10409
10438
10450
10482
10506
10544
10550
10577
10579
10635
10657
10695
10711
10718
10903
10911
10936
10973
11015
11031
11069
11135
11183
11260
11314
11322
11327
11398
11400
11599
11629
11762
11766
11796
11802
11818
11847
11851
12053
12061
12102
12142
12180
12181
12183
12203
12230
12321
12385
12506
12509
12517
12526
12548
12590
12630
12632
12666
12784
12790
12800
12804
12807
12871
12875
12938
12943
12961
12974
12994
13002
13042
13096
13134
13201
13230
13252
13302
13306
13328
13344
13368
13383
13444
13539
13573
13584
13593
13671
13807
13923
14001
14215
14234
14481
14487
14488
14537
14539
14564
14612
14621
14623
14636
14916
14918
14996
15029
15067
15090
15102
15122
15185
15198
15216
15264
15304
15368
15371
15456
15474
15550
15650
15651
15712
15726
15750
15756
15775
15835
15885
16000
16013
16103
16114
16126
16188
16309
16366
16433
16440
16453
16553
16572
16612
16640
16662
16665
16703
16712
16817
16821
16859
16860
16869
16895
16898
17043
17100
17107
17148
17155
17169
17226
17233
17239
17244
17250
17308
17309
17312
17365
17407
17418
17452
17485
17506
17564
17583
17599
17615
17719
17833
17849
17852
17863
18006
18046
18087
18123
18132
18157
18234
18404
18413
18422
18440
18486
18489
18509
18520
18543
18591
18593
18659
18853
18884
18903
18961
19012
19032
19062
19073
19127
19144
19151
19200
19312
19323
19345
19411
19486
19495
19520
19692
19722
19834
19885
19886
19887
19888
19943
19994
20065
20081
20173
20280
20306
20418
20457
20494
20579
20600
20605
20613
20664
20786
20807
20816
20830
20885
20891
20949
20950
20967
20987
21138
21250
21272
21310
21466
21507
21565
21573
21622
21705
21709
21759
21779
21781
21846
21857
21860
21875
22019
22175
22189
22196
22223
22308
22317
22430
22483
22525
22536
22538
22619
22682
22685
22714
22729
22748
22906
23062
23135
23160
23174
23282
23441
23452
23476
23558
23621
23795
23819
23846
23942
24016
24043
24065
24097
24314
24420
24462
24651
24686
24717
24764
25000
25024
25031
25087
25120
25158
25189
25276
25283
25293
25354
25442
25449
25488
25556
25631
25655
25662
25705
25753
25754
25800
25813
25892
25908
25913
25918
25951
26019
26070
26089
26099
26200
26223
26228
26349
26371
26392
26422
26432
26528
26568
26581
26633
26635
26646
26731
26737
26740
26759
26764
26795
26812
26833
26934
26954
26960
26991
27041
27083
27193
27217
27251
27278
27327
27342
27376
27389
27414
27469
27508
27529
27540
27581
27583
27660
27671
27812
27831
27861
27898
27903
27921
28089
28096
28108
28176
28179
28273
28304
28327
28360
28369
28387
28401
28488
28616
28663
28669
28680
28734
28836
28845
28857
28988
29009
29048
29062
29084
29098
29378
29409
29443
29450
29461
29462
29536
29619
29634
29660
29722
29767
29793
29812
29866
30028
30087
30095
30109
30134
30183
30245
30263
30284
30299
30330
30379
30478
30580
30582
30617
30621
30626
30630
30646
30722
30755
30759
30822
30860
30866
30879
30912
30931
30955
31030
31034
31126
31154
31186
31197
31238
31281
31451
31455
31489
31520
31576
31607
31640
31650
31690
31698
31726
31753
31902
31913
31916
31940
31998
32020
32030
32053
32072
32087
32126
32156
32182
32255
32271
32307
32308
32378
32380
32397
32442
32513
32514
32570
32652
32671
32682
32739
32818
32852
32872
32901
32916
32930
32964
33070
33112
33178
33216
33246
33260
33272
33305
33325
33401
33402
33409
33415
33426
33519
33551
33574
33607
33617
33719
33737
33747
33784
33816
33822
33855
33863
33904
33911
33949
33963
33993
34015
34085
34106
34179
34335
34342
34364
34392
34413
34448
34469
34574
34626
34629
34633
34636
34637
34678
34702
34721
34801
34869
34896
34898
34910
34923
35003
35070
35117
35126
35127
35134
35151
35174
35221
35250
35292
35305
35363
35365
35423
35452
35501
35572
35596
35611
35658
35677
35744
35775
35828
35836
35876
35888
35902
35952
35982
36002
36011
36107
36108
36111
36113
36117
36233
36246
36338
36463
36588
36603
36640
36699
36850
36891
36949
36966
37156
37160
37171
37194
37230
37257
37379
37391
37422
37436
37457
37535
37582
37599
37613
37674
37683
37792
37803
37844
37923
37943
37964
37979
37983
38030
38183
38247
38262
38322
38361
38370
38406
38432
38583
38682
38691
38710
38726
38737
38861
38985
39019
39023
39171
39188
39276
39313
39330
39333
39349
39481
39500
39572
39588
39599
39610
39712
39890
39971
40014
40069
40076
40187
40231
40241
40295
40347
40396
40418
40439
40484
40499
40506
40526
40564
40566
40568
40571
40597
40600
40604
40615
40742
40749
40789
40818
40819
40873
41025
41056
41068
41073
41245
41253
41356
41426
41464
41588
41612
41671
41690
41704
41712
41720
41797
41920
41945
41985
42027
42053
42148
42172
42195
42207
42264
42277
42362
42419
42430
42449
42464
42528
42562
42583
42607
42641
42707
42747
42752
42784
42853
42864
42879
42986
43019
43040
43081
43116
43155
43193
43266
43303
43420
43437
43509
43540
43571
43639
43664
43700
43871
43874
43928
43945
43979
44000
44003
44018
44104
44226
44238
44328
44372
44399
44574
44577
44600
44602
44610
44698
44703
44705
44724
44744
44797
44962
44968
44994
45047
45095
45128
45141
45151
45198
45276
45279
45283
45284
45344
45373
45377
45406
45420
45440
45517
45541
45607
45627
45637
45677
45685
45776
45931
46004
46015
46035
46159
46187
46190
46216
46237
46292
46305
46498
46508
46572
46590
46617
46649
46754
46826
46881
46941
46961
46994
47000
47042
47053
47055
47061
47214
47300
47347
47403
47417
47440
47460
47517
47526
47535
47609
47632
47852
47962
48045
48099
48132
48146
48348
48359
48404
48426
48497
48600
48644
48650
48668
48688
48741
48768
48800
48824
48875
48894
48913
48989
49047
49090
49239
49252
49290
49347
49406
49428
49492
49646
49868
49873
49897
49946
49994
50047
50182
50218
50336
50402
50438
50497
50536
50632
50641
50648
50655
50673
50693
50715
50810
50816
50837
50866
50895
50984
50995
51039
51053
51071
51073
51088
51130
51167
51256
51268
51493
51548
51608
51622
51680
51686
51687
51715
51736
51754
51764
51842
51889
51897
51964
52012
52076
52092
52199
52269
52291
52312
52436
52566
52591
52614
52696
52761
52800
52856
52860
52884
52940
52943
52951
52970
53068
53081
53203
53231
53287
53314
53353
53395
53403
53407
53431
53468
53496
53545
53566
53573
53796
53839
53851
53977
53979
54003
54008
54051
54059
54192
54197
54216
54248
54363
54428
54449
54457
54571
54577
54595
54625
54678
54719
54736
54766
54774
54837
54894
54946
55012
55017
55024
55039
55149
55155
55184
55230
55245
55270
55276
55303
55416
55449
55623
55625
55637
55720
55732
55786
55798
55805
55817
55843
55867
56027
56069
56099
56114
56149
56282
56285
56318
56343
56407
56445
56464
56548
56568
56603
56665
56676
56678
56705
56737
56739
56771
56858
56868
56928
56940
57026
57032
57079
57120
57161
57190
57248
57253
57299
57312
57398
57466
57484
57568
57574
57576
57587
57631
57632
57633
57660
57697
57821
57879
57946
57955
57966
57972
58022
58129
58156
58194
58223
58234
58240
58299
58361
58512
58514
58521
58588
58593
58615
58627
58637
58670
58686
58716
58847
58863
58882
58891
58894
58895
58981
59003
59071
59184
59197
59223
59245
59372
59484
59485
59586
59654
59655
59685
59695
59773
59845
59880
59891
59898
59993
60045
60126
60141
60147
60264
60280
60324
60339
60409
60489
60569
60721
60739
60779
60839
60861
60862
60881
60902
60941
60954
60986
61013
61023
61026
61035
61058
61059
61079
61087
61118
61153
61239
61254
61362
61370
61386
61396
61433
61447
61553
61557
61588
61639
61641
61698
61721
61808
61811
61832
61894
61913
61918
61980
61981
62091
62103
62163
62190
62299
62352
62402
62559
62580
62596
62678
62852
62865
62995
63064
63146
63161
63243
63540
63572
63708
63724
63763
63789
63809
63875
63878
63886
63894
63914
63932
63955
63986
64028
64046
64135
64146
64200
64281
64315
64326
64341
64355
64371
64388
64437
64449
64556
64566
64568
64581
64600
64633
64688
64728
64749
64775
64793
64829
64867
65048
65093
65102
65216
65263
65266
65270
65294
65329
65359
65383
65392
65438
65539
65567
65671
65699
65725
65741
65743
65794
65798
65868
65889
65902
66075
66129
66243
66297
66308
66335
66342
66350
66385
66477
66484
66510
66516
66528
66535
66549
66561
66577
66607
66697
66777
66806
66809
66825
66878
66880
66890
66909
67010
67045
67054
67136
67204
67241
67261
67278
67323
67354
67377
67449
67471
67499
67507
67535
67547
67595
67601
67607
67629
67634
67658
67786
67844
67856
67882
67919
67963
68155
68242
68261
68311
68346
68355
68400
68401
68436
68444
68533
68538
68593
68637
68677
68701
68706
68707
68708
68711
68726
68765
68830
68888
68910
68951
68955
69014
69043
69063
69083
69127
69140
69160
69163
69177
69184
69190
69218
69220
69244
69249
69278
69302
69387
69412
69467
69472
69498
69529
69553
69590
69634
69659
69671
69724
69743
69770
69805
69852
69950
69953
70020
70086
70123
70159
70173
70241
70316
70332
70336
70347
70408
70428
70494
70548
70611
70624
70719
70922
70952
71010
71018
71033
71035
71140
71198
71213
71244
71326
71368
71373
71422
71477
71507
71526
71533
71586
71613
71651
71700
71705
71719
71883
71900
71927
71937
71992
72013
72015
72024
72043
72104
72119
72144
72151
72279
72377
72379
72429
72504
72510
72532
72569
72617
72627
72629
72653
72655
72670
72682
72720
72750
72780
72783
72861
72910
72911
72916
72925
72934
73020
73036
73057
73077
73129
73179
73226
73233
73246
73269
73270
73286
73371
73392
73395
73408
73432
73433
73435
73484
73547
73554
73585
73601
73605
73663
73747
73805
73836
73838
73847
73882
73919
73939
73965
73987
74135
74160
74185
74208
74354
74402
74458
74504
74510
74535
74623
74647
74669
74682
74699
74754
74793
74813
74844
74863
74913
74916
74936
74937
74980
75072
75073
75151
75199
75208
75215
75299
75334
75353
75382
75437
75463
75485
75497
75500
75527
75579
75626
75636
75644
75648
75766
75882
75886
75922
75956
75958
76029
76041
76077
76150
76224
76225
76257
76304
76370
76479
76548
76561
76623
76693
76705
76740
76754
76762
76928
76954
76995
77061
77066
77096
77151
77159
77178
77210
77273
77351
77419
77430
77459
77479
77489
77507
77535
77547
77548
77580
77581
77584
77630
77644
77679
77686
77714
77738
77797
77842
77848
77930
77949
78020
78073
78122
78132
78170
78202
78232
78257
78262
78308
78360
78376
78440
78466
78544
78549
78587
78600
78629
78638
78687
78691
78722
78797
78800
78802
78821
78857
78925
78942
79002
79092
79093
79097
79111
79113
79131
79158
79159
79173
79208
79311
79335
79360
79384
79409
79475
79513
79539
79545
79596
79597
79659
79792
79802
79826
79863
79879
79887
79902
79917
80023
80126
80153
80229
80234
80330
80375
80383
80403
80409
80421
80442
80526
80534
80557
80609
80672
80715
80729
80769
80784
80904
80933
80941
80958
81004
81009
81079
81095
81115
81160
81168
81183
81221
81230
81291
81326
81359
81395
81411
81497
81598
81689
81720
81774
81788
81818
81908
81918
81935
81948
81950
81984
82025
82026
82050
82090
82134
82145
82225
82247
82253
82344
82453
82488
82556
82578
82581
82627
82665
82700
82716
82720
82770
82864
82960
83069
83122
83127
83146
83172
83264
83287
83373
83378
83390
83404
83425
83438
83443
83463
83516
83550
83554
83563
83598
83644
83648
83663
83704
83716
83768
83854
83855
83872
83881
83931
83936
83955
84027
84077
84107
84116
84183
84215
84352
84360
84367
84413
84431
84467
84486
84500
84545
84569
84575
84598
84611
84706
84742
84795
84830
84862
84952
84968
85053
85096
85097
85108
85132
85182
85185
85239
85337
85389
85427
85495
85527
85569
85586
85592
85596
85663
85751
85866
85964
85972
85985
86015
86093
86202
86289
86362
86378
86399
86419
86437
86482
86487
86489
86504
86633
86671
86681
86696
86720
86726
86769
86791
86810
86861
86879
86914
86985
86989
87020
87094
87262
87277
87290
87335
87338
87348
87389
87406
87426
87498
87512
87548
87571
87624
87632
87655
87664
87695
87780
87805
87897
87899
87943
87947
87987
87999
88009
88036
88081
88102
88172
88188
88305
88376
88382
88479
88540
88814
88874
88888
88904
88993
89047
89048
89076
89113
89161
89166
89258
89300
89323
89380
89451
89487
89501
89506
89517
89680
89698
89715
89716
89760
89791
89835
89847
89907
89949
90033
90089
90107
90193
90269
90286
90313
90332
90443
90450
90451
90466
90475
90486
90546
90598
90638
90663
90666
90708
90751
90768
90840
90884
90907
90912
90958
90971
90977
91135
91177
91180
91195
91197
91246
91278
91306
91348
91372
91405
91523
91535
91559
91617
91645
91685
91731
91774
91849
91903
91937
92047
92090
92128
92157
92162
92215
92226
92351
92369
92402
92416
92432
92440
92449
92493
92566
92619
92643
92669
92678
92750
92814
92850
92877
92905
92933
92981
93008
93073
93186
93208
93212
93338
93344
93354
93369
93370
93433
93524
93601
93602
93641
93666
93708
93734
93811
93818
93833
93868
93869
93890
93908
94041
94050
94065
94105
94174
94194
94210
94212
94229
94236
94285
94300
94311
94322
94367
94378
94403
94431
94433
94456
94499
94521
94551
94589
94687
94747
94756
94778
94816
94860
94876
94896
94898
94920
95063
95065
95071
95096
95100
95237
95255
95262
95322
95334
95366
95373
95409
95451
95525
95578
95597
95600
95657
95684
95712
95734
95737
95745
95792
95826
95832
95851
95974
95982
96067
96091
96169
96195
96237
96252
96264
96315
96507
96652
96804
96829
96864
96895
96903
96927
96933
96935
96946
96988
96991
97004
97011
97067
97127
97170
97180
97181
97214
97254
97325
97339
97355
97356
97454
97466
97580
97645
97688
97711
97714
97908
98028
98048
98060
98113
98146
98192
98200
98232
98250
98261
98388
98442
98482
98574
98580
98618
98668
98701
98755
98765
98773
98865
98907
98928
98999
99092
99124
99161
99182
99197
99226
99236
99240
99250
99296
99297
99321
99340
99358
99383
99391
99414
99472
99500
99506
99656
99675
99676
99771
99805
99821
99862
99900
99908
99983
100010
100070
100104
100137
100206
100305
100307
100370
100451
100465
100484
100504
100513
100549
100673
100731
100787
100790
100868
100885
100901
100905
100940
100964
101011
101012
101015
101033
101065
101067
101133
101147
101150
101161
101162
101199
101204
101213
101251
101333
101346
101350
101386
101394
101395
101402
101422
101425
101495
101512
101557
101681
101716
101743
101794
101812
101846
101877
101915
101976
101988
101997
102031
102076
102092
102094
102101
102113
102134
102147
102167
102220
102246
102258
102278
102290
102292
102348
102366
102384
102429
102431
102442
102471
102512
102530
102587
102593
102698
102728
102792
102816
102819
102831
102930
102934
102937
102956
102966
102985
102987
103004
103052
103055
103075
103149
103153
103178
103203
103227
103254
103353
103359
103397
103411
103524
103525
103539
103568
103710
103739
103779
103938
104027
104058
104113
104132
104145
104226
104249
104260
104280
104286
104296
104394
104413
104451
104507
104540
104604
104614
104641
104684
104727
104769
104880
104898
104937
104939
105142
105233
105279
105286
105319
105355
105371
105412
105444
105454
105470
105477
105484
105549
105568
105585
105753
105755
105760
105764
105786
105830
105869
106012
106030
106120
106127
106194
106290
106331
106357
106359
106423
106458
106483
106543
106559
106563
106646
106664
106674
106794
106799
106818
106868
106916
106950
107043
107066
107174
107179
107229
107302
107362
107365
107377
107424
107430
107453
107594
107655
107725
107730
107743
107745
107799
107814
107842
107845
107850
107851
107897
107921
107980
108043
108101
108104
108117
108166
108223
108282
108311
108318
108355
108460
108475
108518
108536
108561
108578
108604
108609
108632
108757
108769
108782
108818
108837
108843
108845
108851
108867
108869
108934
108935
108983
109042
109111
109112
109178
109240
109248
109319
109350
109371
109400
109459
109475
109493
109506
109510
109514
109579
109609
109681
109696
109715
109765
110033
110040
110079
110100
110142
110154
110177
110297
110298
110328
110516
110589
110624
110663
110748
110822
110935
110958
111015
111030
