1
123
180
209
232
333
410
411
516
643
702
780
855
868
905
915
1008
1094
1117
1122
1125
1155
1159
1300
1397
1421
1455
1460
1513
1582
1717
1729
1739
1813
1823
1859
1885
1911
1974
1999
2013
2030
2127
2163
2186
2215
2220
2244
2257
2365
2394
2463
2476
2509
2599
2623
2624
2695
2768
2815
2818
2822
2874
2879
2904
2916
2941
2969
3000
3070
3087
3096
3235
3302
3332
3370
3384
3391
3437
3531
3612
3639
3667
3670
3700
3753
3758
3800
3827
3889
3907
3920
3976
3984
4159
4210
4388
4398
4407
4446
4526
4530
4551
4557
4601
4606
4617
4666
4821
4824
4828
4883
4968
4998
5006
5050
5081
5219
5235
5405
5417
5446
5460
5488
5548
5600
5716
5799
5848
5856
5939
6022
6032
6133
6201
6208
6280
6305
6307
6345
6383
6397
6435
6539
6560
6617
6837
6839
6844
6882
6896
6912
6913
6915
6980
7058
7076
7100
7153
7199
7207
7233
7274
7448
7463
7507
7515
7549
7617
7635
7642
7694
7714
7851
7865
7889
7895
8013
8025
8041
8072
8075
8091
8093
8180
8227
8286
8307
8336
8408
8448
8462
8553
8609
8610
8704
8769
8796
8821
8871
8902
9019
9036
9061
9062
9067
9116
9184
9252
9412
9449
9575
9594
9599
9665
9738
9741
9763
9894
9974
10018
10066
10115
10129
10235
10246
10280
10286
10312
10437
10449
10463
10526
10555
10636
10653
10667
10682
10890
10898
11042
11067
11094
11125
11181
11189
11242
11287
11324
11350
11417
11418
11483
11498
11621
11624
11631
11677
11715
11799
11861
11907
11934
11948
11969
11974
11999
12041
12067
12190
12258
12337
12379
12428
12557
12591
12634
12676
12793
12837
12848
12856
12887
13034
13068
13120
13135
13197
13245
13285
13300
13315
13332
13380
13404
13526
13567
13602
13628
13718
13726
13732
13845
13857
13875
13882
13981
14047
14110
14116
14155
14216
14327
14335
14359
14466
14533
14542
14547
14550
14574
14759
14800
14837
14901
14921
14983
15069
15080
15104
15127
15364
15442
15472
15523
15557
15594
15607
15637
15649
15719
15746
15794
15873
15945
15964
15999
16010
16037
16053
16098
16229
16288
16324
16347
16406
16412
16499
16521
16626
16655
16659
16714
16726
16793
16844
16902
16981
17003
17021
17190
17217
17241
17302
17344
17379
17422
17465
17530
17579
17643
17676
17716
17793
17811
18039
18095
18200
18225
18242
18323
18329
18333
18341
18376
18382
18432
18434
18466
18609
18626
18752
18771
18813
18816
18856
18871
18926
19033
19102
19204
19240
19286
19322
19435
19451
19463
19472
19509
19590
19621
19636
19686
19720
19725
19759
19795
19864
19940
20071
20122
20193
20269
20330
20423
20519
20533
20541
20687
20699
20732
20801
20818
20899
20926
20939
20952
20954
20984
21043
21082
21127
21315
21339
21382
21487
21631
21647
21658
21663
21670
21713
21720
21727
21776
21807
21822
21897
21940
21996
22003
22009
22020
22041
22049
22065
22138
22296
22323
22388
22433
22508
22520
22555
22612
22627
22683
22688
22715
22777
22784
22806
22965
22999
23038
23119
23128
23165
23231
23295
23321
23376
23414
23429
23461
23466
23510
23544
23588
23594
23603
23825
23877
23935
23949
23966
23983
24044
24107
24164
24168
24200
24268
24413
24458
24542
24583
24599
24640
24643
24660
24672
24746
24758
24765
24796
24853
24955
24963
25023
25052
25054
25101
25109
25252
25279
25396
25405
25513
25530
25545
25581
25712
25735
25767
25848
25919
25965
26016
26063
26066
26076
26097
26107
26157
26229
26275
26306
26341
26435
26457
26496
26503
26504
26586
26592
26632
26652
26735
26755
26770
26782
26846
26925
26983
26984
26985
27018
27028
27033
27045
27050
27058
27068
27144
27209
27270
27336
27378
27391
27396
27416
27483
27496
27507
27509
27561
27571
27681
27685
27698
27720
27781
27859
27884
27900
27911
27946
28008
28011
28099
28124
28149
28162
28232
28355
28391
28421
28437
28450
28481
28601
28644
28683
28689
28721
28723
28985
28998
29010
29032
29072
29135
29181
29237
29331
29388
29401
29426
29435
29517
29532
29538
29586
29600
29624
29628
29629
29643
29648
29666
29762
29880
29921
29948
29990
30080
30089
30121
30124
30220
30348
30562
30603
30692
30727
30769
30836
30845
30871
30875
31022
31028
31052
31053
31080
31086
31103
31142
31151
31158
31185
31275
31279
31398
31417
31418
31430
31445
31491
31498
31501
31528
31649
31661
31717
31741
31744
31756
31857
31904
31978
32184
32213
32314
32504
32591
32618
32629
32678
32711
32753
32776
32810
32849
32985
33263
33291
33309
33394
33452
33464
33473
33503
33528
33641
33663
33838
33876
33908
33929
33985
34007
34108
34240
34277
34314
34331
34356
34357
34383
34565
34638
34673
34695
34739
34784
34971
35072
35081
35085
35107
35154
35314
35339
35344
35378
35415
35438
35479
35541
35573
35583
35591
35663
35685
35805
35884
35937
36070
36158
36185
36230
36277
36310
36385
36428
36454
36480
36547
36631
36713
36731
36792
36834
36888
37015
37039
37057
37093
37131
37239
37243
37284
37310
37427
37452
37580
37596
37608
37739
37755
37924
37977
38028
38057
38140
38160
38226
38245
38282
38305
38326
38526
38578
38655
38663
38722
38868
38871
38930
39055
39142
39212
39249
39307
39384
39429
39459
39477
39537
39670
39699
39726
39742
39768
39771
39777
39780
39792
39809
39814
39823
39871
39885
39895
39908
39944
39992
40022
40111
40113
40142
40208
40334
40425
40437
40473
40528
40585
40606
40625
40628
40634
40651
40713
40721
40722
40746
40764
40776
40863
40867
40897
40902
40929
40938
40952
41001
41088
41097
41149
41186
41204
41302
41315
41385
41405
41418
41506
41510
41537
41590
41928
41944
41978
41995
42115
42158
42256
42383
42413
42433
42516
42539
42619
42658
42810
42835
42859
42951
42954
43103
43180
43200
43223
43446
43499
43594
43599
43600
43622
43668
43750
43772
43805
43830
43848
43898
43906
43935
43966
44075
44083
44106
44160
44166
44362
44452
44473
44474
44505
44517
44519
44611
44715
44750
44767
44786
44788
44812
44933
44969
45161
45234
45238
45254
45256
45394
45594
45680
45691
45810
45876
45893
45935
46040
46181
46321
46336
46408
46509
46525
46588
46688
46733
46791
46843
46853
46854
46855
46909
46976
46985
47077
47119
47250
47546
47601
47616
47627
47643
47656
47664
47715
47752
47887
47896
47981
47984
48052
48064
48119
48124
48135
48172
48196
48222
48235
48284
48317
48406
48410
48484
48671
48732
48758
48767
48773
48867
48939
48944
48986
49018
49118
49217
49221
49257
49512
49521
49597
49647
49666
49697
49849
49862
49876
49884
49891
49940
49950
49977
50017
50077
50102
50332
50345
50381
50399
50419
50543
50579
50621
50730
50792
50908
50921
50955
50975
50976
50983
51030
51034
51070
51086
51136
51151
51231
51234
51274
51330
51358
51375
51381
51386
51388
51446
51452
51471
51476
51536
51550
51559
51564
51592
51644
51663
51699
51744
51770
51808
51888
51984
51988
52018
52038
52061
52065
52077
52088
52213
52246
52316
52361
52556
52604
52683
52769
52776
52786
52787
52794
52864
52907
52975
53015
53040
53129
53134
53135
53155
53162
53191
53196
53206
53281
53291
53300
53331
53348
53381
53399
53475
53489
53557
53585
53592
53627
53840
53876
53881
53883
53971
54086
54160
54172
54193
54254
54378
54400
54412
54503
54505
54508
54570
54738
54798
54829
54944
54972
54977
54985
55046
55103
55162
55237
55252
55281
55354
55386
55395
55472
55474
55508
55555
55616
55647
55690
55701
55726
55729
55808
55856
55872
55908
56042
56061
56062
56077
56145
56234
56281
56295
56385
56423
56543
56545
56553
56661
56708
56712
56713
56825
56829
56867
56922
56982
57054
57057
57069
57136
57255
57258
57279
57305
57337
57387
57411
57412
57483
57497
57522
57533
57684
57723
57801
57963
58017
58031
58058
58099
58111
58132
58273
58292
58298
58318
58333
58409
58423
58424
58517
58557
58607
58688
58692
58695
58727
58739
58787
58914
59025
59057
59119
59121
59173
59314
59321
59356
59374
59420
59467
59568
59605
59610
59621
59739
59746
59756
59796
59809
59846
59877
59908
59924
60040
60100
60109
60112
60212
60288
60298
60363
60436
60437
60448
60551
60631
60817
60818
60838
60868
60874
60889
60953
61052
61095
61115
61170
61260
61277
61303
61307
61353
61392
61413
61416
61495
61526
61586
61663
61680
61701
61713
61761
61789
61869
61893
61931
61948
62033
62088
62118
62205
62279
62300
62316
62321
62376
62413
62438
62450
62480
62481
62557
62653
62664
62685
62691
62717
62765
62769
62779
62812
62883
62926
62927
62930
62932
62972
63005
63008
63170
63229
63264
63287
63417
63444
63478
63531
63560
63583
63667
63682
63718
63734
63747
63839
63882
63887
63903
63916
63975
64018
64116
64249
64266
64391
64396
64517
64538
64577
64809
64811
64814
64838
64854
64941
65027
65057
65061
65094
65131
65139
65141
65209
65245
65259
65284
65286
65298
65313
65407
65426
65459
65474
65506
65518
65538
65630
65631
65681
65773
65774
65793
65874
65935
65942
65962
65967
65992
66014
66186
66274
66318
66319
66329
66334
66339
66346
66347
66353
66360
66365
66372
66393
66402
66433
66444
66446
66464
66476
66483
66499
66529
66569
66623
66694
66835
66863
66918
66969
67012
67042
67063
67066
67202
67208
67257
67277
67280
67312
67374
67401
67490
67513
67564
67627
67651
67663
67742
67767
67774
67793
67815
67839
67878
67924
68016
68021
68028
68029
68050
68112
68142
68199
68270
68308
68376
68422
68493
68532
68537
68540
68582
68606
68721
68767
68852
68871
68904
68990
69086
69089
69156
69185
69279
69304
69343
69452
69527
69598
69607
69613
69614
69681
69688
69694
69714
69736
69797
69842
69948
69951
69992
70033
70034
70037
70064
70103
70177
70191
70219
70222
70357
70415
70436
70453
70519
70537
70539
70556
70608
70647
70721
70745
70761
70936
70967
71103
71118
71180
71272
71338
71383
71392
71460
71554
71619
71730
71803
71813
71855
71905
71909
71924
72040
72062
72097
72112
72195
72237
72242
72259
72265
72275
72344
72458
72479
72572
72593
72633
72666
72892
72956
72958
72973
73046
73098
73103
73151
73167
73244
73259
73268
73316
73317
73370
73390
73399
73404
73417
73463
73604
73646
73666
73744
73822
73827
73972
73973
74011
74069
74086
74130
74139
74211
74227
74255
74264
74276
74316
74465
74475
74492
74527
74534
74546
74665
74680
74694
74787
74803
74816
74905
74938
74966
75089
75103
75115
75118
75161
75167
75234
75294
75567
75600
75724
75764
75794
75960
75969
76066
76076
76084
76093
76095
76195
76248
76321
76333
76373
76450
76455
76523
76717
76722
76796
76817
76848
76856
76857
76859
76862
76889
76937
76964
76985
77047
77051
77090
77146
77250
77410
77530
77625
77643
77658
77698
77712
77818
77912
77950
77955
78006
78061
78062
78115
78165
78234
78271
78310
78315
78357
78386
78388
78393
78416
78423
78433
78472
78531
78602
78616
78668
78720
78737
78776
78947
79054
79059
79079
79102
79121
79189
79250
79259
79296
79317
79325
79338
79357
79365
79445
79500
79512
79588
79608
79634
79666
79700
79749
79773
79955
80019
80030
80049
80193
80293
80327
80352
80382
80387
80492
80515
80520
80605
80661
80665
80703
80706
80776
80798
80868
80907
80936
81007
81091
81164
81184
81232
81233
81236
81290
81318
81371
81388
81465
81555
81557
81574
81631
81693
81704
81783
81816
81837
81858
81925
81957
81980
82053
82067
82115
82120
82130
82219
82238
82272
82323
82324
82388
82595
82598
82635
82694
82725
82735
82813
82931
82943
82962
82968
83036
83110
83112
83215
83259
83270
83360
83414
83445
83542
83575
83640
83682
83737
83803
83809
83833
83839
83883
83891
83892
83932
83977
83997
83998
84018
84019
84046
84058
84069
84078
84162
84166
84234
84235
84266
84330
84373
84385
84401
84475
84499
84519
84576
84620
84679
84705
84770
84801
84808
84840
84905
84908
84935
84949
85193
85197
85210
85271
85293
85322
85452
85485
85504
85630
85642
85669
85675
85784
85840
85891
85913
85941
85984
86025
86066
86069
86142
86146
86152
86164
86173
86219
86274
86315
86346
86380
86474
86524
86530
86538
86597
86651
86705
86721
86784
86785
86934
86946
86969
87054
87069
87073
87127
87164
87214
87216
87253
87291
87437
87591
87608
87620
87622
87771
87777
87799
87802
87811
87883
87988
87997
88037
88051
88126
88158
88168
88276
88283
88314
88368
88390
88555
88589
88602
88620
88649
88655
88671
88684
88685
88746
88823
88956
89073
89119
89339
89366
89500
89512
89543
89556
89632
89726
89741
89778
89795
89900
90006
90191
90329
90346
90372
90383
90411
90522
90640
90649
90651
90679
90749
90808
90872
90883
90892
90931
90946
91156
91193
91212
91228
91314
91375
91383
91439
91534
91577
91666
91754
91785
91825
91857
91942
91968
91990
92016
92034
92050
92104
92139
92150
92200
92253
92328
92336
92354
92366
92376
92378
92505
92536
92550
92773
92780
92902
92940
92987
93005
93044
93056
93068
93078
93127
93138
93153
93161
93198
93225
93236
93241
93245
93250
93284
93315
93319
93390
93399
93460
93478
93506
93625
93637
93654
93697
93703
93705
93728
93730
93756
93792
93798
93827
93839
93880
93895
93963
93975
94016
94075
94125
94145
94165
94199
94233
94279
94377
94399
94487
94535
94544
94567
94582
94586
94650
94683
94745
94748
94781
94825
94862
94910
94922
94990
95026
95072
95110
95208
95217
95302
95306
95320
95329
95354
95420
95446
95501
95565
95575
95603
95622
95654
95706
95726
95773
95774
95924
95966
95992
96042
96057
96071
96141
96144
96211
96228
96285
96303
96310
96419
96421
96445
96467
96546
96598
96602
96635
96677
96696
96706
96830
96853
96866
96869
96902
96931
96942
97010
97053
97108
97114
97116
97117
97155
97178
97184
97233
97236
97293
97318
97337
97380
97443
97588
97598
97604
97615
97635
97681
97789
97813
97841
97861
97920
97946
97949
98020
98197
98224
98266
98267
98270
98273
98312
98333
98336
98361
98414
98536
98541
98563
98626
98643
98703
98713
98906
98953
99016
99055
99111
99113
99117
99149
99181
99229
99303
99320
99332
99338
99467
99531
99620
99748
99820
99828
99856
99868
99869
99897
99930
99949
100067
100107
100119
100156
100192
100237
100296
100341
100450
100458
100543
100584
100593
100642
100690
100694
100827
100850
100894
100907
100939
101008
101089
101119
101124
101175
101182
101186
101189
101215
101221
101261
101311
101316
101317
101332
101349
101363
101448
101475
101513
101593
101636
101680
101690
101863
101886
101905
101918
101935
101987
102015
102048
102096
102099
102195
102266
102276
102317
102375
102423
102588
102747
102767
102785
102820
102859
102862
102901
102973
102988
103007
103084
103113
103129
103163
103188
103200
103224
103251
103307
103322
103336
103337
103399
103416
103429
103488
103514
103521
103578
103589
103600
103655
103657
103663
103900
103986
104005
104017
104063
104099
104114
104263
104321
104359
104449
104453
104463
104543
104559
104591
104678
104714
104731
104738
104740
104749
104752
104768
104790
104798
104853
105000
105029
105041
105055
105073
105108
105143
105229
105270
105275
105413
105434
105509
105564
105580
105601
105639
105649
105745
105768
105796
105804
105837
105852
105857
105876
105883
105944
105982
106035
106142
106165
106197
106238
106246
106334
106342
106374
106407
106432
106486
106516
106662
106666
106756
106797
106814
106954
106979
107046
107108
107126
107157
107232
107249
107316
107351
107379
107387
107390
107402
107476
107488
107508
107543
107570
107617
107675
107765
107826
107828
107831
107924
107929
107954
107975
108003
108131
108221
108273
108278
108332
108347
108368
108373
108495
108516
108537
108576
108627
108652
108677
108712
108737
108756
108794
108815
108894
108948
109056
109057
109170
109210
109225
109307
109316
109327
109332
109392
109408
109422
109526
109549
109550
109608
109624
109632
109656
109690
109702
109719
109741
109747
109778
109785
109820
109882
109991
109997
110002
110111
110212
110237
110272
110287
110302
110340
110367
110392
110543
110574
110579
110616
110631
110674
110699
110725
110735
110768
110787
110796
110871
110879
110895
110902
110924
110971
111021
111026
111028
111056
